 &plot nbnd=  12, nks= 399 /
            0.000000  0.000000  0.000000
    0.0000    0.0000    0.0000   35.1805   35.1805  104.8995
  167.2257  167.2257  171.2227  193.1830  197.5372  225.9852
            0.002976  0.001718  0.000000
    0.0933    0.5017    0.9836   35.1854   35.1965  104.8980
  167.2240  167.2258  171.2233  193.1942  197.5360  225.9832
            0.005952  0.003437  0.000000
    0.1909    1.0034    1.9624   35.2002   35.2447  104.8935
  167.2191  167.2264  171.2249  193.2275  197.5324  225.9772
            0.008929  0.005155  0.000000
    0.2968    1.5040    2.9396   35.2249   35.3247  104.8861
  167.2108  167.2273  171.2277  193.2828  197.5265  225.9671
            0.011905  0.006873  0.000000
    0.4141    2.0062    3.9165   35.2594   35.4362  104.8757
  167.1993  167.2286  171.2315  193.3599  197.5182  225.9530
            0.014881  0.008592  0.000000
    0.5453    2.5102    4.8923   35.3036   35.5786  104.8624
  167.1844  167.2303  171.2363  193.4583  197.5078  225.9350
            0.017857  0.010310  0.000000
    0.6921    3.0162    5.8665   35.3575   35.7512  104.8463
  167.1662  167.2323  171.2421  193.5775  197.4952  225.9130
            0.020833  0.012028  0.000000
    0.8556    3.5245    6.8388   35.4211   35.9533  104.8276
  167.1446  167.2347  171.2487  193.7170  197.4805  225.8870
            0.023810  0.013746  0.000000
    1.0362    4.0366    7.8088   35.4940   36.1840  104.8062
  167.1197  167.2374  171.2562  193.8759  197.4640  225.8572
            0.026786  0.015465  0.000000
    1.2339    4.5501    8.7762   35.5764   36.4423  104.7824
  167.0913  167.2405  171.2643  194.0535  197.4457  225.8236
            0.029762  0.017183  0.000000
    1.4486    5.0667    9.7407   35.6680   36.7271  104.7563
  167.0596  167.2438  171.2730  194.2489  197.4257  225.7862
            0.032738  0.018901  0.000000
    1.6798    5.5866   10.7020   35.7686   37.0374  104.7280
  167.0244  167.2476  171.2822  194.4611  197.4043  225.7451
            0.035714  0.020620  0.000000
    1.9269    6.1098   11.6598   35.8782   37.3720  104.6977
  166.9859  167.2516  171.2917  194.6890  197.3815  225.7004
            0.038690  0.022338  0.000000
    2.1893    6.6364   12.6137   35.9965   37.7297  104.6655
  166.9439  167.2559  171.3015  194.9316  197.3577  225.6521
            0.041667  0.024056  0.000000
    2.4660    7.1665   13.5635   36.1233   38.1093  104.6316
  166.8985  167.2605  171.3114  195.1876  197.3329  225.6004
            0.044643  0.025775  0.000000
    2.7564    7.7000   14.5089   36.2585   38.5097  104.5961
  166.8498  167.2654  171.3213  195.4557  197.3072  225.5453
            0.047619  0.027493  0.000000
    3.0595    8.2369   15.4497   36.4018   38.9295  104.5593
  166.7977  167.2705  171.3312  195.7348  197.2810  225.4869
            0.050595  0.029211  0.000000
    3.3746    8.7771   16.3856   36.5531   39.3678  104.5213
  166.7423  167.2759  171.3407  196.0235  197.2544  225.4253
            0.053571  0.030929  0.000000
    3.7009    9.3205   17.3163   36.7120   39.8232  104.4823
  166.6838  167.2816  171.3499  196.3204  197.2275  225.3606
            0.056548  0.032648  0.000000
    4.0374    9.8668   18.2417   36.8784   40.2946  104.4425
  166.6221  167.2875  171.3587  196.6242  197.2005  225.2930
            0.059524  0.034366  0.000000
    4.3835   10.4159   19.1615   37.0521   40.7811  104.4020
  166.5574  167.2936  171.3669  196.9335  197.1735  225.2226
            0.062500  0.036084  0.000000
    4.7384   10.9674   20.0754   37.2326   41.2814  104.3610
  166.4898  167.2999  171.3744  197.1467  197.2469  225.1495
            0.065476  0.037803  0.000000
    5.1013   11.5212   20.9833   37.4199   41.7946  104.3196
  166.4194  167.3065  171.3812  197.1203  197.5630  225.0738
            0.068452  0.039521  0.000000
    5.4717   12.0768   21.8850   37.6137   42.3196  104.2781
  166.3465  167.3132  171.3872  197.0943  197.8805  224.9958
            0.071429  0.041239  0.000000
    5.8488   12.6339   22.7803   37.8136   42.8556  104.2365
  166.2711  167.3202  171.3923  197.0688  198.1980  224.9155
            0.074405  0.042958  0.000000
    6.2321   13.1921   23.6690   38.0194   43.4016  104.1951
  166.1936  167.3273  171.3964  197.0440  198.5141  224.8331
            0.077381  0.044676  0.000000
    6.6210   13.7511   24.5509   38.2309   43.9567  104.1540
  166.1140  167.3346  171.3996  197.0198  198.8276  224.7488
            0.080357  0.046394  0.000000
    7.0149   14.3104   25.4259   38.4477   44.5201  104.1133
  166.0327  167.3421  171.4018  196.9964  199.1372  224.6628
            0.083333  0.048113  0.000000
    7.4133   14.8696   26.2939   38.6696   45.0910  104.0731
  165.9499  167.3498  171.4030  196.9738  199.4417  224.5751
            0.086310  0.049831  0.000000
    7.8159   15.4282   27.1547   38.8964   45.6687  104.0336
  165.8658  167.3577  171.4033  196.9520  199.7400  224.4861
            0.089286  0.051549  0.000000
    8.2221   15.9858   28.0081   39.1277   46.2523  103.9950
  165.7808  167.3658  171.4025  196.9310  200.0308  224.3958
            0.092262  0.053267  0.000000
    8.6315   16.5419   28.8540   39.3632   46.8413  103.9572
  165.6952  167.3740  171.4009  196.9108  200.3132  224.3045
            0.095238  0.054986  0.000000
    9.0438   17.0960   29.6923   39.6027   47.4349  103.9205
  165.6092  167.3824  171.3983  196.8914  200.5861  224.2124
            0.098214  0.056704  0.000000
    9.4585   17.6477   30.5229   39.8460   48.0326  103.8850
  165.5232  167.3911  171.3950  196.8728  200.8486  224.1197
            0.101190  0.058422  0.000000
    9.8755   18.1964   31.3456   40.0927   48.6337  103.8507
  165.4375  167.3999  171.3909  196.8549  201.0999  224.0264
            0.104167  0.060141  0.000000
   10.2943   18.7419   32.1603   40.3426   49.2377  103.8178
  165.3523  167.4089  171.3862  196.8376  201.3392  223.9329
            0.107143  0.061859  0.000000
   10.7146   19.2834   32.9670   40.5954   49.8441  103.7864
  165.2682  167.4182  171.3809  196.8210  201.5656  223.8394
            0.110119  0.063577  0.000000
   11.1363   19.8207   33.7654   40.8509   50.4523  103.7566
  165.1853  167.4277  171.3753  196.8049  201.7787  223.7459
            0.113095  0.065296  0.000000
   11.5591   20.3533   34.5554   41.1088   51.0618  103.7284
  165.1039  167.4374  171.3693  196.7892  201.9779  223.6527
            0.116071  0.067014  0.000000
   11.9827   20.8807   35.3370   41.3688   51.6722  103.7021
  165.0245  167.4474  171.3632  196.7739  202.1625  223.5600
            0.119048  0.068732  0.000000
   12.4069   21.4024   36.1099   41.6308   52.2832  103.6778
  164.9473  167.4576  171.3571  196.7588  202.3323  223.4679
            0.122024  0.070450  0.000000
   12.8315   21.9182   36.8741   41.8944   52.8941  103.6554
  164.8727  167.4682  171.3512  196.7440  202.4870  223.3766
            0.125000  0.072169  0.000000
   13.2564   22.4276   37.6294   42.1594   53.5048  103.6352
  164.8008  167.4790  171.3455  196.7292  202.6262  223.2862
            0.127976  0.073887  0.000000
   13.6814   22.9303   38.3756   42.4257   54.1147  103.6173
  164.7321  167.4901  171.3403  196.7145  202.7499  223.1970
            0.130952  0.075605  0.000000
   14.1062   23.4258   39.1126   42.6929   54.7236  103.6018
  164.6667  167.5016  171.3358  196.6997  202.8578  223.1089
            0.133929  0.077324  0.000000
   14.5308   23.9138   39.8402   42.9609   55.3310  103.5888
  164.6049  167.5133  171.3320  196.6846  202.9501  223.0223
            0.136905  0.079042  0.000000
   14.9551   24.3941   40.5582   43.2295   55.9368  103.5785
  164.5470  167.5255  171.3292  196.6694  203.0267  222.9371
            0.139881  0.080760  0.000000
   15.3788   24.8663   41.2665   43.4984   56.5406  103.5710
  164.4932  167.5380  171.3275  196.6538  203.0879  222.8535
            0.142857  0.082479  0.000000
   15.8019   25.3302   41.9648   43.7674   57.1421  103.5665
  164.4436  167.5509  171.3271  196.6378  203.1338  222.7716
            0.145833  0.084197  0.000000
   16.2243   25.7856   42.6529   44.0364   57.7410  103.5652
  164.3985  167.5642  171.3281  196.6213  203.1646  222.6914
            0.148810  0.085915  0.000000
   16.6458   26.2322   43.3306   44.3052   58.3371  103.5672
  164.3580  167.5779  171.3306  196.6042  203.1807  222.6131
            0.151786  0.087634  0.000000
   17.0664   26.6698   43.9976   44.5736   58.9301  103.5727
  164.3223  167.5921  171.3349  196.5866  203.1825  222.5367
            0.154762  0.089352  0.000000
   17.4859   27.0984   44.6537   44.8415   59.5199  103.5819
  164.2915  167.6066  171.3410  196.5682  203.1703  222.4623
            0.157738  0.091070  0.000000
   17.9043   27.5177   45.1086   45.2987   60.1061  103.5950
  164.2658  167.6217  171.3491  196.5492  203.1447  222.3899
            0.160714  0.092788  0.000000
   18.3215   27.9278   45.3748   45.9322   60.6885  103.6122
  164.2451  167.6372  171.3592  196.5294  203.1062  222.3196
            0.163690  0.094507  0.000000
   18.7375   28.3284   45.6400   46.5540   61.2671  103.6338
  164.2297  167.6531  171.3714  196.5088  203.0554  222.2515
            0.166667  0.096225  0.000000
   19.1521   28.7197   45.9041   47.1638   61.8414  103.6599
  164.2194  167.6696  171.3858  196.4874  202.9927  222.1855
            0.169643  0.097943  0.000000
   19.5652   29.1017   46.1668   47.7614   62.4115  103.6908
  164.2146  167.6865  171.4025  196.4652  202.9187  222.1216
            0.172619  0.099662  0.000000
   19.9769   29.4743   46.4281   48.3463   62.9770  103.7268
  164.2150  167.7039  171.4215  196.4420  202.8342  222.0601
            0.175595  0.101380  0.000000
   20.3870   29.8376   46.6879   48.9183   63.5379  103.7680
  164.2208  167.7218  171.4427  196.4181  202.7398  222.0008
            0.178571  0.103098  0.000000
   20.7955   30.1918   46.9460   49.4770   64.0939  103.8148
  164.2319  167.7402  171.4663  196.3932  202.6360  221.9438
            0.181548  0.104817  0.000000
   21.2024   30.5370   47.2023   50.0223   64.6449  103.8673
  164.2485  167.7591  171.4922  196.3675  202.5235  221.8892
            0.184524  0.106535  0.000000
   21.6075   30.8733   47.4568   50.5537   65.1908  103.9259
  164.2703  167.7785  171.5204  196.3408  202.4029  221.8369
            0.187500  0.108253  0.000000
   22.0108   31.2010   47.7093   51.0710   65.7313  103.9908
  164.2975  167.7984  171.5508  196.3133  202.2749  221.7871
            0.190476  0.109971  0.000000
   22.4123   31.5202   47.9598   51.5738   66.2664  104.0623
  164.3300  167.8188  171.5833  196.2850  202.1401  221.7397
            0.193452  0.111690  0.000000
   22.8120   31.8314   48.2081   52.0620   66.7959  104.1405
  164.3677  167.8396  171.6179  196.2557  201.9992  221.6948
            0.196429  0.113408  0.000000
   23.2096   32.1346   48.4543   52.5351   67.3197  104.2257
  164.4106  167.8609  171.6545  196.2256  201.8526  221.6524
            0.199405  0.115126  0.000000
   23.6053   32.4302   48.6981   52.9930   67.8376  104.3182
  164.4586  167.8827  171.6929  196.1947  201.7010  221.6126
            0.202381  0.116845  0.000000
   23.9990   32.7186   48.9397   53.4354   68.3495  104.4181
  164.5118  167.9049  171.7330  196.1630  201.5449  221.5753
            0.205357  0.118563  0.000000
   24.3905   33.0000   49.1788   53.8621   68.8553  104.5257
  164.5700  167.9276  171.7747  196.1304  201.3849  221.5407
            0.208333  0.120281  0.000000
   24.7799   33.2749   49.4155   54.2729   69.3549  104.6411
  164.6331  167.9506  171.8177  196.0971  201.2214  221.5088
            0.211310  0.122000  0.000000
   25.1671   33.5435   49.6497   54.6676   69.8483  104.7645
  164.7012  167.9741  171.8620  196.0630  201.0550  221.4796
            0.214286  0.123718  0.000000
   25.5521   33.8063   49.8813   55.0461   70.3351  104.8960
  164.7741  167.9979  171.9074  196.0281  200.8860  221.4531
            0.217262  0.125436  0.000000
   25.9348   34.0636   50.1103   55.4083   70.8155  105.0357
  164.8518  168.0221  171.9537  195.9925  200.7148  221.4294
            0.220238  0.127155  0.000000
   26.3151   34.3159   50.3367   55.7540   71.2893  105.1838
  164.9342  168.0466  172.0006  195.9561  200.5420  221.4085
            0.223214  0.128873  0.000000
   26.6930   34.5633   50.5605   56.0832   71.7563  105.3403
  165.0213  168.0715  172.0480  195.9189  200.3677  221.3903
            0.226190  0.130591  0.000000
   27.0685   34.8064   50.7815   56.3959   72.2166  105.5051
  165.1130  168.0967  172.0957  195.8811  200.1924  221.3750
            0.229167  0.132309  0.000000
   27.4414   35.0455   50.9998   56.6921   72.6700  105.6784
  165.2093  168.1221  172.1436  195.8425  200.0163  221.3626
            0.232143  0.134028  0.000000
   27.8118   35.2809   51.2154   56.9719   73.1165  105.8601
  165.3100  168.1478  172.1913  195.8032  199.8397  221.3529
            0.235119  0.135746  0.000000
   28.1796   35.5130   51.4282   57.2353   73.5560  106.0501
  165.4152  168.1738  172.2387  195.7631  199.6629  221.3462
            0.238095  0.137464  0.000000
   28.5447   35.7420   51.6382   57.4824   73.9884  106.2484
  165.5247  168.1999  172.2857  195.7223  199.4859  221.3422
            0.241071  0.139183  0.000000
   28.9070   35.9683   51.8454   57.7135   74.4138  106.4548
  165.6386  168.2262  172.3320  195.6807  199.3090  221.3410
            0.244048  0.140901  0.000000
   29.2666   36.1921   52.0497   57.9286   74.8320  106.6691
  165.7568  168.2527  172.3775  195.6384  199.1324  221.3427
            0.247024  0.142619  0.000000
   29.6233   36.4136   52.2513   58.1280   75.2430  106.8913
  165.8792  168.2794  172.4220  195.5952  198.9562  221.3471
            0.250000  0.144338  0.000000
   29.9772   36.6331   52.4499   58.3119   75.6469  107.1210
  166.0058  168.3061  172.4654  195.5513  198.7804  221.3542
            0.252976  0.146056  0.000000
   30.3281   36.8507   52.6457   58.4807   76.0434  107.3581
  166.1366  168.3330  172.5076  195.5065  198.6052  221.3639
            0.255952  0.147774  0.000000
   30.6759   37.0667   52.8387   58.6345   76.4328  107.6022
  166.2714  168.3599  172.5483  195.4608  198.4306  221.3763
            0.258929  0.149492  0.000000
   31.0207   37.2810   53.0287   58.7738   76.8148  107.8532
  166.4104  168.3869  172.5876  195.4142  198.2567  221.3912
            0.261905  0.151211  0.000000
   31.3624   37.4938   53.2159   58.8989   77.1897  108.1108
  166.5534  168.4139  172.6253  195.3667  198.0835  221.4085
            0.264881  0.152929  0.000000
   31.7009   37.7052   53.4002   59.0101   77.5572  108.3745
  166.7003  168.4410  172.6613  195.3182  197.9110  221.4283
            0.267857  0.154647  0.000000
   32.0362   37.9152   53.5816   59.1079   77.9175  108.6441
  166.8512  168.4680  172.6956  195.2687  197.7392  221.4503
            0.270833  0.156366  0.000000
   32.3681   38.1238   53.7601   59.1925   78.2706  108.9193
  167.0061  168.4950  172.7281  195.2182  197.5681  221.4746
            0.273810  0.158084  0.000000
   32.6968   38.3310   53.9357   59.2645   78.6164  109.1996
  167.1647  168.5220  172.7589  195.1665  197.3977  221.5010
            0.276786  0.159802  0.000000
   33.0220   38.5366   54.1084   59.3242   78.9551  109.4848
  167.3273  168.5490  172.7878  195.1136  197.2280  221.5293
            0.279762  0.161521  0.000000
   33.3438   38.7408   54.2783   59.3721   79.2867  109.7744
  167.4936  168.5759  172.8150  195.0596  197.0589  221.5596
            0.282738  0.163239  0.000000
   33.6621   38.9432   54.4452   59.4087   79.6112  110.0681
  167.6636  168.6027  172.8404  195.0043  196.8904  221.5916
            0.285714  0.164957  0.000000
   33.9768   39.1439   54.6092   59.4342   79.9286  110.3655
  167.8373  168.6294  172.8640  194.9476  196.7224  221.6253
            0.288690  0.166676  0.000000
   34.2879   39.3427   54.7704   59.4492   80.2390  110.6663
  168.0147  168.6560  172.8860  194.8896  196.5550  221.6605
            0.291667  0.168394  0.000000
   34.5954   39.5394   54.9287   59.4542   80.5425  110.9700
  168.1956  168.6825  172.9063  194.8302  196.3880  221.6971
            0.294643  0.170112  0.000000
   34.8992   39.7338   55.0841   59.4495   80.8391  111.2763
  168.3800  168.7089  172.9252  194.7693  196.2215  221.7350
            0.297619  0.171830  0.000000
   35.1992   39.9258   55.2367   59.4356   81.1290  111.5848
  168.5680  168.7352  172.9425  194.7069  196.0554  221.7740
            0.300595  0.173549  0.000000
   35.4954   40.1153   55.3864   59.4129   81.4121  111.8952
  168.7593  168.7613  172.9586  194.6428  195.8896  221.8141
            0.303571  0.175267  0.000000
   35.7878   40.3019   55.5333   59.3818   81.6886  112.2071
  168.7873  168.9540  172.9734  194.5772  195.7242  221.8551
            0.306548  0.176985  0.000000
   36.0763   40.4855   55.6773   59.3429   81.9585  112.5201
  168.8131  169.1519  172.9871  194.5098  195.5592  221.8969
            0.309524  0.178704  0.000000
   36.3609   40.6659   55.8185   59.2964   82.2220  112.8340
  168.8388  169.3530  172.9998  194.4407  195.3944  221.9394
            0.312500  0.180422  0.000000
   36.6416   40.8430   55.9569   59.2428   82.4790  113.1485
  168.8644  169.5573  173.0116  194.3698  195.2300  221.9823
            0.315476  0.182140  0.000000
   36.9182   41.0165   56.0925   59.1824   82.7298  113.4631
  168.8898  169.7645  173.0227  194.2971  195.0658  222.0258
            0.318452  0.183859  0.000000
   37.1908   41.1862   56.2253   59.1158   82.9743  113.7775
  168.9150  169.9747  173.0333  194.2225  194.9020  222.0695
            0.321429  0.185577  0.000000
   37.4593   41.3520   56.3554   59.0432   83.2128  114.0916
  168.9401  170.1878  173.0434  194.1459  194.7385  222.1134
            0.324405  0.187295  0.000000
   37.7238   41.5138   56.4827   58.9651   83.4452  114.4049
  168.9650  170.4036  173.0532  194.0674  194.5753  222.1575
            0.327381  0.189013  0.000000
   37.9840   41.6713   56.6072   58.8818   83.6717  114.7173
  168.9898  170.6222  173.0628  193.9869  194.4125  222.2015
            0.330357  0.190732  0.000000
   38.2401   41.8245   56.7291   58.7936   83.8923  115.0283
  169.0144  170.8432  173.0724  193.9043  194.2502  222.2455
            0.333333  0.192450  0.000000
   38.4920   41.9732   56.8483   58.7009   84.1072  115.3379
  169.0388  171.0668  173.0820  193.8196  194.0883  222.2893
            0.336310  0.194168  0.000000
   38.7397   42.1173   56.9648   58.6041   84.3165  115.6457
  169.0630  171.2927  173.0919  193.7328  193.9269  222.3328
            0.339286  0.195887  0.000000
   38.9831   42.2568   57.0786   58.5035   84.5203  115.9515
  169.0871  171.5208  173.1022  193.6438  193.7661  222.3761
            0.342262  0.197605  0.000000
   39.2221   42.3916   57.1898   58.3994   84.7186  116.2550
  169.1109  171.7512  173.1128  193.5527  193.6059  222.4189
            0.345238  0.199323  0.000000
   39.4569   42.5217   57.2985   58.2921   84.9115  116.5561
  169.1346  171.9835  173.1241  193.4465  193.4594  222.4613
            0.348214  0.201042  0.000000
   39.6873   42.6470   57.4045   58.1820   85.0992  116.8545
  169.1582  172.2178  173.1359  193.2879  193.3639  222.5032
            0.351190  0.202760  0.000000
   39.9133   42.7675   57.5081   58.0693   85.2817  117.1500
  169.1815  172.4538  173.1485  193.1303  193.2661  222.5446
            0.354167  0.204478  0.000000
   40.1350   42.8833   57.6090   57.9543   85.4592  117.4424
  169.2046  172.6916  173.1619  192.9736  193.1661  222.5853
            0.357143  0.206197  0.000000
   40.3522   42.9944   57.7075   57.8373   85.6316  117.7315
  169.2275  172.9309  173.1761  192.8181  193.0638  222.6254
            0.360119  0.207915  0.000000
   40.5649   43.1008   57.7187   57.8036   85.7992  118.0172
  169.2503  173.1716  173.1913  192.6638  192.9592  222.6648
            0.363095  0.209633  0.000000
   40.7732   43.2027   57.5985   57.8972   85.9619  118.2992
  169.2728  173.2074  173.4137  192.5108  192.8524  222.7036
            0.366071  0.211351  0.000000
   40.9770   43.3000   57.4773   57.9884   86.1199  118.5774
  169.2951  173.2245  173.6570  192.3593  192.7434  222.7416
            0.369048  0.213070  0.000000
   41.1763   43.3930   57.3551   58.0772   86.2733  118.8516
  169.3172  173.2426  173.9013  192.2094  192.6320  222.7788
            0.372024  0.214788  0.000000
   41.3710   43.4817   57.2322   58.1636   86.4221  119.1217
  169.3390  173.2616  174.1466  192.0612  192.5184  222.8153
            0.375000  0.216506  0.000000
   41.5612   43.5662   57.1089   58.2477   86.5664  119.3874
  169.3606  173.2817  174.3928  191.9148  192.4026  222.8510
            0.377976  0.218225  0.000000
   41.7468   43.6468   56.9855   58.3296   86.7063  119.6487
  169.3819  173.3027  174.6396  191.7704  192.2845  222.8860
            0.380952  0.219943  0.000000
   41.9279   43.7235   56.8620   58.4091   86.8418  119.9055
  169.4030  173.3247  174.8870  191.6281  192.1641  222.9201
            0.383929  0.221661  0.000000
   42.1043   43.7966   56.7389   58.4864   86.9731  120.1574
  169.4238  173.3475  175.1349  191.4880  192.0416  222.9535
            0.386905  0.223380  0.000000
   42.2762   43.8661   56.6163   58.5616   87.1002  120.4046
  169.4443  173.3713  175.3830  191.3502  191.9169  222.9861
            0.389881  0.225098  0.000000
   42.4435   43.9323   56.4943   58.6345   87.2232  120.6467
  169.4645  173.3958  175.6314  191.2149  191.7900  223.0178
            0.392857  0.226816  0.000000
   42.6061   43.9953   56.3733   58.7052   87.3421  120.8836
  169.4845  173.4211  175.8798  191.0822  191.6610  223.0488
            0.395833  0.228534  0.000000
   42.7641   44.0553   56.2534   58.7739   87.4570  121.1154
  169.5041  173.4471  176.1282  190.9522  191.5298  223.0790
            0.398810  0.230253  0.000000
   42.9175   44.1124   56.1347   58.8404   87.5679  121.3417
  169.5233  173.4736  176.3763  190.8250  191.3967  223.1083
            0.401786  0.231971  0.000000
   43.0662   44.1669   56.0176   58.9048   87.6750  121.5626
  169.5422  173.5007  176.6242  190.7007  191.2614  223.1369
            0.404762  0.233689  0.000000
   43.2103   44.2189   55.9022   58.9671   87.7783  121.7779
  169.5607  173.5282  176.8716  190.5795  191.1243  223.1647
            0.407738  0.235408  0.000000
   43.3497   44.2686   55.7886   59.0274   87.8778  121.9875
  169.5789  173.5561  177.1183  190.4614  190.9852  223.1917
            0.410714  0.237126  0.000000
   43.4845   44.3160   55.6770   59.0857   87.9736  122.1913
  169.5967  173.5842  177.3644  190.3465  190.8442  223.2180
            0.413690  0.238844  0.000000
   43.6147   44.3614   55.5676   59.1420   88.0658  122.3893
  169.6140  173.6124  177.6096  190.2349  190.7014  223.2434
            0.416667  0.240563  0.000000
   43.7402   44.4049   55.4606   59.1962   88.1543  122.5812
  169.6310  173.6408  177.8537  190.1268  190.5569  223.2681
            0.419643  0.242281  0.000000
   43.8611   44.4466   55.3560   59.2485   88.2393  122.7671
  169.6475  173.6690  178.0966  190.0221  190.4108  223.2920
            0.422619  0.243999  0.000000
   43.9775   44.4865   55.2541   59.2989   88.3208  122.9468
  169.6635  173.6972  178.3383  189.9209  190.2630  223.3151
            0.425595  0.245718  0.000000
   44.0892   44.5249   55.1549   59.3472   88.3989  123.1203
  169.6791  173.7251  178.5784  189.8233  190.1138  223.3374
            0.428571  0.247436  0.000000
   44.1963   44.5618   55.0587   59.3937   88.4735  123.2876
  169.6942  173.7527  178.8168  189.7294  189.9633  223.3590
            0.431548  0.249154  0.000000
   44.2988   44.5972   54.9654   59.4382   88.5448  123.4484
  169.7088  173.7799  179.0534  189.6392  189.8115  223.3797
            0.434524  0.250872  0.000000
   44.3968   44.6312   54.8754   59.4808   88.6127  123.6028
  169.7229  173.8066  179.2878  189.5528  189.6587  223.3997
            0.437500  0.252591  0.000000
   44.4902   44.6639   54.7886   59.5215   88.6773  123.7507
  169.7365  173.8327  179.5200  189.4701  189.5050  223.4189
            0.440476  0.254309  0.000000
   44.5791   44.6953   54.7051   59.5602   88.7387  123.8921
  169.7496  173.8581  179.7496  189.3505  189.3913  223.4372
            0.443452  0.256027  0.000000
   44.6634   44.7254   54.6252   59.5971   88.7968  124.0269
  169.7621  173.8827  179.9764  189.1955  189.3163  223.4548
            0.446429  0.257746  0.000000
   44.7433   44.7542   54.5488   59.6321   88.8518  124.1550
  169.7740  173.9066  180.2000  189.0403  189.2452  223.4715
            0.449405  0.259464  0.000000
   44.7818   44.8187   54.4760   59.6652   88.9036  124.2764
  169.7853  173.9295  180.4202  188.8851  189.1779  223.4874
            0.452381  0.261182  0.000000
   44.8080   44.8897   54.4070   59.6964   88.9523  124.3910
  169.7961  173.9515  180.6365  188.7304  189.1145  223.5025
            0.455357  0.262901  0.000000
   44.8330   44.9562   54.3418   59.7257   88.9979  124.4989
  169.8063  173.9724  180.8485  188.5764  189.0550  223.5167
            0.458333  0.264619  0.000000
   44.8566   45.0183   54.2805   59.7531   89.0404  124.6000
  169.8159  173.9922  181.0556  188.4237  188.9994  223.5301
            0.461310  0.266337  0.000000
   44.8788   45.0760   54.2232   59.7786   89.0799  124.6942
  169.8248  174.0109  181.2574  188.2729  188.9477  223.5426
            0.464286  0.268055  0.000000
   44.8997   45.1294   54.1699   59.8023   89.1164  124.7815
  169.8332  174.0284  181.4529  188.1245  188.8999  223.5542
            0.467262  0.269774  0.000000
   44.9191   45.1784   54.1206   59.8241   89.1498  124.8620
  169.8408  174.0447  181.6415  187.9795  188.8559  223.5650
            0.470238  0.271492  0.000000
   44.9370   45.2231   54.0755   59.8440   89.1803  124.9355
  169.8479  174.0596  181.8222  187.8388  188.8158  223.5748
            0.473214  0.273210  0.000000
   44.9534   45.2634   54.0345   59.8619   89.2079  125.0021
  169.8543  174.0733  181.9938  187.7034  188.7796  223.5838
            0.476190  0.274929  0.000000
   44.9682   45.2995   53.9977   59.8781   89.2324  125.0617
  169.8601  174.0856  182.1549  187.5747  188.7473  223.5918
            0.479167  0.276647  0.000000
   44.9814   45.3312   53.9652   59.8923   89.2541  125.1143
  169.8651  174.0965  182.3041  187.4542  188.7187  223.5989
            0.482143  0.278365  0.000000
   44.9929   45.3588   53.9369   59.9046   89.2728  125.1599
  169.8696  174.1060  182.4395  187.3436  188.6940  223.6051
            0.485119  0.280084  0.000000
   45.0027   45.3820   53.9130   59.9150   89.2887  125.1986
  169.8733  174.1141  182.5593  187.2450  188.6731  223.6103
            0.488095  0.281802  0.000000
   45.0108   45.4010   53.8933   59.9236   89.3016  125.2302
  169.8764  174.1207  182.6614  187.1602  188.6561  223.6146
            0.491071  0.283520  0.000000
   45.0171   45.4158   53.8781   59.9302   89.3117  125.2548
  169.8788  174.1259  182.7436  187.0914  188.6428  223.6179
            0.494048  0.285239  0.000000
   45.0217   45.4263   53.8671   59.9349   89.3189  125.2724
  169.8805  174.1296  182.8040  187.0406  188.6333  223.6203
            0.497024  0.286957  0.000000
   45.0244   45.4327   53.8606   59.9378   89.3232  125.2829
  169.8815  174.1319  182.8410  187.0095  188.6276  223.6218
            0.500000  0.288675  0.000000
   45.0253   45.4348   53.8584   59.9387   89.3246  125.2865
  169.8818  174.1326  182.8534  186.9989  188.6257  223.6223
            0.500000  0.288675  0.000000
   45.0253   45.4348   53.8584   59.9387   89.3246  125.2865
  169.8818  174.1326  182.8534  186.9989  188.6257  223.6223
            0.498634  0.291041  0.000000
   45.0277   45.4339   53.8608   59.9444   89.3245  125.2848
  169.8826  174.1357  182.8532  186.9978  188.6249  223.6213
            0.497268  0.293408  0.000000
   45.0351   45.4311   53.8680   59.9613   89.3243  125.2798
  169.8848  174.1450  182.8526  186.9944  188.6223  223.6186
            0.495902  0.295774  0.000000
   45.0473   45.4265   53.8800   59.9896   89.3239  125.2714
  169.8885  174.1605  182.8517  186.9888  188.6179  223.6139
            0.494536  0.298140  0.000000
   45.0642   45.4202   53.8970   60.0290   89.3234  125.2598
  169.8937  174.1822  182.8503  186.9810  188.6119  223.6075
            0.493169  0.300506  0.000000
   45.0858   45.4121   53.9189   60.0795   89.3227  125.2449
  169.9003  174.2100  182.8486  186.9710  188.6041  223.5992
            0.491803  0.302872  0.000000
   45.1118   45.4023   53.9460   60.1410   89.3218  125.2267
  169.9084  174.2439  182.8465  186.9587  188.5946  223.5890
            0.490437  0.305238  0.000000
   45.1421   45.3909   53.9783   60.2134   89.3208  125.2053
  169.9180  174.2838  182.8440  186.9443  188.5834  223.5771
            0.489071  0.307605  0.000000
   45.1765   45.3780   54.0160   60.2964   89.3196  125.1807
  169.9289  174.3297  182.8411  186.9277  188.5706  223.5633
            0.487705  0.309971  0.000000
   45.2148   45.3636   54.0593   60.3901   89.3182  125.1530
  169.9413  174.3815  182.8379  186.9089  188.5560  223.5478
            0.486339  0.312337  0.000000
   45.2565   45.3479   54.1084   60.4940   89.3166  125.1223
  169.9550  174.4391  182.8343  186.8881  188.5397  223.5305
            0.484973  0.314703  0.000000
   45.3016   45.3309   54.1635   60.6081   89.3149  125.0886
  169.9701  174.5024  182.8302  186.8652  188.5218  223.5114
            0.483607  0.317069  0.000000
   45.3128   45.3494   54.2248   60.7321   89.3130  125.0520
  169.9866  174.5714  182.8259  186.8402  188.5023  223.4906
            0.482240  0.319436  0.000000
   45.2936   45.3999   54.2926   60.8658   89.3108  125.0125
  170.0043  174.6458  182.8211  186.8132  188.4811  223.4681
            0.480874  0.321802  0.000000
   45.2735   45.4526   54.3672   61.0090   89.3085  124.9702
  170.0233  174.7257  182.8160  186.7843  188.4584  223.4439
            0.479508  0.324168  0.000000
   45.2526   45.5070   54.4487   61.1612   89.3059  124.9253
  170.0436  174.8108  182.8104  186.7534  188.4340  223.4180
            0.478142  0.326534  0.000000
   45.2310   45.5629   54.5376   61.3225   89.3032  124.8778
  170.0651  174.9011  182.8046  186.7207  188.4081  223.3906
            0.476776  0.328900  0.000000
   45.2087   45.6196   54.6340   61.4923   89.3002  124.8279
  170.0877  174.9964  182.7983  186.6861  188.3807  223.3615
            0.475410  0.331267  0.000000
   45.1860   45.6770   54.7382   61.6705   89.2969  124.7755
  170.1115  175.0966  182.7917  186.6498  188.3517  223.3308
            0.474044  0.333633  0.000000
   45.1628   45.7344   54.8504   61.8568   89.2935  124.7208
  170.1364  175.2015  182.7846  186.6117  188.3212  223.2986
            0.472678  0.335999  0.000000
   45.1394   45.7915   54.9710   62.0508   89.2897  124.6640
  170.1623  175.3110  182.7773  186.5720  188.2893  223.2649
            0.471311  0.338365  0.000000
   45.1158   45.8479   55.1000   62.2524   89.2857  124.6050
  170.1893  175.4249  182.7695  186.5306  188.2559  223.2297
            0.469945  0.340731  0.000000
   45.0920   45.9032   55.2378   62.4612   89.2815  124.5442
  170.2173  175.5431  182.7613  186.4877  188.2211  223.1930
            0.468579  0.343097  0.000000
   45.0682   45.9570   55.3844   62.6770   89.2769  124.4814
  170.2463  175.6653  182.7528  186.4434  188.1850  223.1550
            0.467213  0.345464  0.000000
   45.0445   46.0090   55.5400   62.8993   89.2721  124.4169
  170.2761  175.7915  182.7438  186.3976  188.1474  223.1156
            0.465847  0.347830  0.000000
   45.0208   46.0588   55.7047   63.1281   89.2669  124.3508
  170.3068  175.9215  182.7345  186.3504  188.1086  223.0749
            0.464481  0.350196  0.000000
   44.9974   46.1061   55.8786   63.3629   89.2615  124.2832
  170.3384  176.0550  182.7247  186.3020  188.0684  223.0330
            0.463115  0.352562  0.000000
   44.9742   46.1506   56.0616   63.6035   89.2557  124.2142
  170.3707  176.1920  182.7146  186.2524  188.0270  222.9898
            0.461749  0.354928  0.000000
   44.9513   46.1922   56.2537   63.8496   89.2496  124.1440
  170.4038  176.3322  182.7040  186.2017  187.9844  222.9454
            0.460383  0.357295  0.000000
   44.9288   46.2306   56.4549   64.1009   89.2431  124.0725
  170.4377  176.4754  182.6929  186.1499  187.9406  222.8998
            0.459016  0.359661  0.000000
   44.9067   46.2656   56.6650   64.3572   89.2363  124.0000
  170.4721  176.6215  182.6815  186.0971  187.8956  222.8532
            0.457650  0.362027  0.000000
   44.8850   46.2971   56.8838   64.6182   89.2291  123.9266
  170.5073  176.7704  182.6695  186.0434  187.8495  222.8055
            0.456284  0.364393  0.000000
   44.8639   46.3251   57.1113   64.8837   89.2216  123.8524
  170.5430  176.9217  182.6571  185.9889  187.8023  222.7568
            0.454918  0.366759  0.000000
   44.8432   46.3494   57.3470   65.1532   89.2137  123.7775
  170.5793  177.0754  182.6442  185.9337  187.7540  222.7072
            0.453552  0.369126  0.000000
   44.8231   46.3700   57.5908   65.4267   89.2054  123.7020
  170.6161  177.2313  182.6308  185.8779  187.7048  222.6566
            0.452186  0.371492  0.000000
   44.8035   46.3869   57.8423   65.7038   89.1967  123.6261
  170.6534  177.3891  182.6168  185.8215  187.6545  222.6052
            0.450820  0.373858  0.000000
   44.7846   46.4002   58.1012   65.9843   89.1875  123.5497
  170.6911  177.5487  182.6022  185.7646  187.6034  222.5530
            0.449454  0.376224  0.000000
   44.7662   46.4097   58.3671   66.2679   89.1780  123.4731
  170.7293  177.7100  182.5871  185.7074  187.5513  222.5000
            0.448087  0.378590  0.000000
   44.7485   46.4157   58.6396   66.5545   89.1680  123.3964
  170.7679  177.8727  182.5714  185.6498  187.4984  222.4463
            0.446721  0.380957  0.000000
   44.7315   46.4181   58.9184   66.8437   89.1576  123.3196
  170.8069  178.0367  182.5550  185.5921  187.4447  222.3920
            0.445355  0.383323  0.000000
   44.7151   46.4171   59.2030   67.1353   89.1468  123.2429
  170.8462  178.2018  182.5379  185.5343  187.3902  222.3370
            0.443989  0.385689  0.000000
   44.6994   46.4127   59.4929   67.4291   89.1355  123.1662
  170.8858  178.3678  182.5201  185.4764  187.3350  222.2815
            0.442623  0.388055  0.000000
   44.6843   46.4050   59.7878   67.7249   89.1237  123.0899
  170.9257  178.5346  182.5016  185.4187  187.2792  222.2255
            0.441257  0.390421  0.000000
   44.6699   46.3942   60.0871   68.0225   89.1114  123.0138
  170.9658  178.7019  182.4823  185.3611  187.2227  222.1690
            0.439891  0.392787  0.000000
   44.6563   46.3803   60.3904   68.3215   89.0987  122.9382
  171.0063  178.8697  182.4621  185.3039  187.1656  222.1122
            0.438525  0.395154  0.000000
   44.6433   46.3635   60.6973   68.6220   89.0855  122.8631
  171.0469  179.0377  182.4411  185.2470  187.1080  222.0550
            0.437158  0.397520  0.000000
   44.6310   46.3439   61.0072   68.9235   89.0718  122.7885
  171.0878  179.2058  182.4192  185.1905  187.0499  221.9974
            0.435792  0.399886  0.000000
   44.6194   46.3216   61.3198   69.2259   89.0576  122.7146
  171.1288  179.3739  182.3964  185.1347  186.9915  221.9397
            0.434426  0.402252  0.000000
   44.6085   46.2967   61.6345   69.5291   89.0429  122.6414
  171.1700  179.5417  182.3725  185.0795  186.9326  221.8817
            0.433060  0.404618  0.000000
   44.5983   46.2694   61.9510   69.8327   89.0277  122.5691
  171.2114  179.7091  182.3477  185.0251  186.8735  221.8236
            0.431694  0.406985  0.000000
   44.5887   46.2397   62.2688   70.1367   89.0120  122.4976
  171.2530  179.8759  182.3217  184.9715  186.8141  221.7654
            0.430328  0.409351  0.000000
   44.5799   46.2079   62.5874   70.4409   88.9957  122.4270
  171.2946  180.0420  182.2947  184.9188  186.7546  221.7071
            0.428962  0.411717  0.000000
   44.5718   46.1739   62.9064   70.7450   88.9789  122.3574
  171.3365  180.2072  182.2665  184.8672  186.6949  221.6488
            0.427596  0.414083  0.000000
   44.5644   46.1379   63.2255   71.0490   88.9615  122.2889
  171.3784  180.3713  182.2372  184.8166  186.6353  221.5905
            0.426230  0.416449  0.000000
   44.5577   46.1000   63.5443   71.3525   88.9436  122.2215
  171.4204  180.5343  182.2066  184.7672  186.5757  221.5324
            0.424863  0.418816  0.000000
   44.5516   46.0603   63.8622   71.6556   88.9251  122.1552
  171.4626  180.6958  182.1748  184.7191  186.5162  221.4743
            0.423497  0.421182  0.000000
   44.5463   46.0189   64.1791   71.9579   88.9061  122.0901
  171.5049  180.8558  182.1418  184.6722  186.4569  221.4165
            0.422131  0.423548  0.000000
   44.5416   45.9760   64.4945   72.2594   88.8865  122.0262
  171.5472  181.0141  182.1075  184.6267  186.3980  221.3588
            0.420765  0.425914  0.000000
   44.5377   45.9315   64.8080   72.5599   88.8663  121.9637
  171.5897  181.1705  182.0719  184.5825  186.3396  221.3014
            0.419399  0.428280  0.000000
   44.5344   45.8857   65.1194   72.8593   88.8455  121.9024
  171.6322  181.3248  182.0351  184.5398  186.2816  221.2443
            0.418033  0.430647  0.000000
   44.5317   45.8386   65.4283   73.1573   88.8242  121.8425
  171.6749  181.4768  181.9969  184.4986  186.2244  221.1876
            0.416667  0.433013  0.000000
   44.5298   45.7902   65.7345   73.4540   88.8022  121.7839
  171.7176  181.6263  181.9576  184.4589  186.1680  221.1312
            0.415301  0.435379  0.000000
   44.5285   45.7407   66.0376   73.7491   88.7796  121.7267
  171.7604  181.7732  181.9169  184.4206  186.1126  221.0753
            0.413934  0.437745  0.000000
   44.5278   45.6901   66.3374   74.0425   88.7564  121.6709
  171.8033  181.8751  181.9171  184.3839  186.0584  221.0198
            0.412568  0.440111  0.000000
   44.5278   45.6386   66.6337   74.3341   88.7325  121.6166
  171.8463  181.8321  182.0579  184.3487  186.0055  220.9648
            0.411202  0.442477  0.000000
   44.5285   45.5862   66.9261   74.6239   88.7080  121.5637
  171.8893  181.7879  182.1953  184.3150  185.9542  220.9103
            0.409836  0.444844  0.000000
   44.5298   45.5330   67.2146   74.9115   88.6829  121.5122
  171.9325  181.7427  182.3289  184.2828  185.9047  220.8564
            0.408470  0.447210  0.000000
   44.5317   45.4790   67.4988   75.1971   88.6571  121.4622
  171.9757  181.6963  182.4585  184.2520  185.8574  220.8031
            0.407104  0.449576  0.000000
   44.5342   45.4244   67.7786   75.4804   88.6306  121.4137
  172.0190  181.6491  182.5837  184.2227  185.8125  220.7505
            0.405738  0.451942  0.000000
   44.5373   45.3692   68.0539   75.7613   88.6035  121.3667
  172.0624  181.6008  182.7041  184.1948  185.7703  220.6985
            0.404372  0.454308  0.000000
   44.5410   45.3134   68.3244   76.0398   88.5756  121.3211
  172.1059  181.5518  182.8194  184.1682  185.7314  220.6471
            0.403005  0.456675  0.000000
   44.5453   45.2572   68.5901   76.3158   88.5471  121.2770
  172.1494  181.5019  182.9289  184.1430  185.6961  220.5965
            0.401639  0.459041  0.000000
   44.5501   45.2007   68.8508   76.5891   88.5178  121.2344
  172.1930  181.4513  183.0324  184.1190  185.6649  220.5467
            0.400273  0.461407  0.000000
   44.5555   45.1438   69.1064   76.8597   88.4878  121.1933
  172.2367  181.4001  183.1291  184.0962  185.6384  220.4976
            0.398907  0.463773  0.000000
   44.5615   45.0867   69.3568   77.1275   88.4571  121.1536
  172.2804  181.3483  183.2186  184.0747  185.6169  220.4493
            0.397541  0.466139  0.000000
   44.5679   45.0294   69.6019   77.3925   88.4256  121.1153
  172.3242  181.2960  183.3003  184.0542  185.6012  220.4018
            0.396175  0.468506  0.000000
   44.5749   44.9719   69.8417   77.6544   88.3934  121.0785
  172.3680  181.2433  183.3737  184.0348  185.5917  220.3552
            0.394809  0.470872  0.000000
   44.5823   44.9145   70.0761   77.9134   88.3603  121.0431
  172.4118  181.1902  183.4383  184.0164  185.5889  220.3095
            0.393443  0.473238  0.000000
   44.5902   44.8571   70.3050   78.1693   88.3265  121.0092
  172.4557  181.1369  183.4939  183.9990  185.5929  220.2646
            0.392077  0.475604  0.000000
   44.5986   44.7997   70.5284   78.4220   88.2919  120.9766
  172.4996  181.0835  183.5404  183.9825  185.6041  220.2207
            0.390710  0.477970  0.000000
   44.6074   44.7425   70.7463   78.6715   88.2564  120.9454
  172.5435  181.0299  183.5776  183.9668  185.6224  220.1777
            0.389344  0.480336  0.000000
   44.6165   44.6855   70.9587   78.9177   88.2202  120.9156
  172.5874  180.9763  183.6059  183.9519  185.6474  220.1356
            0.387978  0.482703  0.000000
   44.6261   44.6288   71.1656   79.1605   88.1830  120.8871
  172.6312  180.9228  183.6257  183.9377  185.6790  220.0945
            0.386612  0.485069  0.000000
   44.5724   44.6360   71.3669   79.4000   88.1450  120.8600
  172.6750  180.8693  183.6376  183.9243  185.7163  220.0544
            0.385246  0.487435  0.000000
   44.5165   44.6462   71.5627   79.6360   88.1061  120.8341
  172.7188  180.8161  183.6423  183.9115  185.7588  220.0152
            0.383880  0.489801  0.000000
   44.4610   44.6567   71.7530   79.8685   88.0663  120.8096
  172.7624  180.7632  183.6406  183.8993  185.8058  219.9771
            0.382514  0.492167  0.000000
   44.4061   44.6675   71.9378   80.0975   88.0255  120.7863
  172.8060  180.7106  183.6332  183.8877  185.8563  219.9400
            0.381148  0.494534  0.000000
   44.3517   44.6785   72.1171   80.3229   87.9839  120.7643
  172.8494  180.6585  183.6210  183.8766  185.9097  219.9040
            0.379781  0.496900  0.000000
   44.2980   44.6898   72.2909   80.5447   87.9412  120.7435
  172.8926  180.6068  183.6048  183.8659  185.9652  219.8690
            0.378415  0.499266  0.000000
   44.2450   44.7012   72.4594   80.7628   87.8976  120.7239
  172.9356  180.5557  183.5850  183.8557  186.0222  219.8350
            0.377049  0.501632  0.000000
   44.1928   44.7128   72.6225   80.9771   87.8530  120.7055
  172.9784  180.5052  183.5625  183.8459  186.0801  219.8021
            0.375683  0.503998  0.000000
   44.1415   44.7246   72.7803   81.1878   87.8074  120.6883
  173.0210  180.4555  183.5377  183.8365  186.1384  219.7703
            0.374317  0.506365  0.000000
   44.0911   44.7364   72.9328   81.3947   87.7608  120.6722
  173.0632  180.4065  183.5112  183.8274  186.1967  219.7396
            0.372951  0.508731  0.000000
   44.0416   44.7483   73.0800   81.5977   87.7131  120.6572
  173.1051  180.3583  183.4832  183.8186  186.2545  219.7099
            0.371585  0.511097  0.000000
   43.9931   44.7602   73.2220   81.7970   87.6643  120.6433
  173.1465  180.3110  183.4543  183.8101  186.3116  219.6814
            0.370219  0.513463  0.000000
   43.9457   44.7722   73.3588   81.9923   87.6145  120.6304
  173.1875  180.2648  183.4247  183.8018  186.3676  219.6539
            0.368852  0.515829  0.000000
   43.8995   44.7841   73.4905   82.1838   87.5635  120.6186
  173.2280  180.2195  183.3947  183.7937  186.4224  219.6276
            0.367486  0.518196  0.000000
   43.8545   44.7960   73.6171   82.3714   87.5114  120.6078
  173.2680  180.1754  183.3646  183.7858  186.4757  219.6023
            0.366120  0.520562  0.000000
   43.8107   44.8077   73.7387   82.5550   87.4582  120.5980
  173.3073  180.1324  183.3345  183.7782  186.5273  219.5781
            0.364754  0.522928  0.000000
   43.7682   44.8194   73.8552   82.7347   87.4038  120.5891
  173.3460  180.0907  183.3047  183.7707  186.5771  219.5551
            0.363388  0.525294  0.000000
   43.7270   44.8309   73.9667   82.9104   87.3483  120.5811
  173.3839  180.0503  183.2754  183.7633  186.6250  219.5331
            0.362022  0.527660  0.000000
   43.6873   44.8422   74.0732   83.0822   87.2915  120.5740
  173.4209  180.0113  183.2466  183.7561  186.6709  219.5122
            0.360656  0.530026  0.000000
   43.6490   44.8533   74.1747   83.2499   87.2336  120.5678
  173.4571  179.9738  183.2186  183.7490  186.7147  219.4925
            0.359290  0.532393  0.000000
   43.6122   44.8641   74.2714   83.4137   87.1744  120.5624
  173.4923  179.9377  183.1913  183.7420  186.7564  219.4738
            0.357923  0.534759  0.000000
   43.5770   44.8747   74.3631   83.5734   87.1139  120.5577
  173.5265  179.9032  183.1650  183.7351  186.7958  219.4562
            0.356557  0.537125  0.000000
   43.5433   44.8849   74.4499   83.7291   87.0522  120.5538
  173.5595  179.8704  183.1398  183.7284  186.8330  219.4397
            0.355191  0.539491  0.000000
   43.5114   44.8948   74.5318   83.8807   86.9892  120.5506
  173.5913  179.8392  183.1157  183.7218  186.8680  219.4242
            0.353825  0.541857  0.000000
   43.4810   44.9044   74.6088   84.0283   86.9250  120.5481
  173.6218  179.8098  183.0927  183.7153  186.9006  219.4098
            0.352459  0.544224  0.000000
   43.4524   44.9135   74.6809   84.1718   86.8594  120.5461
  173.6509  179.7822  183.0711  183.7089  186.9309  219.3964
            0.351093  0.546590  0.000000
   43.4256   44.9222   74.7482   84.3113   86.7926  120.5447
  173.6786  179.7565  183.0507  183.7027  186.9590  219.3841
            0.349727  0.548956  0.000000
   43.4006   44.9304   74.8105   84.4467   86.7244  120.5438
  173.7047  179.7326  183.0317  183.6967  186.9847  219.3728
            0.348361  0.551322  0.000000
   43.3774   44.9381   74.8680   84.5780   86.6550  120.5434
  173.7291  179.7107  183.0142  183.6909  187.0082  219.3625
            0.346995  0.553688  0.000000
   43.3560   44.9453   74.9205   84.7052   86.5842  120.5433
  173.7518  179.6908  182.9981  183.6853  187.0294  219.3532
            0.345628  0.556055  0.000000
   43.3366   44.9519   74.9681   84.8282   86.5122  120.5436
  173.7726  179.6728  182.9835  183.6800  187.0484  219.3449
            0.344262  0.558421  0.000000
   43.3191   44.9580   75.0108   84.9471   86.4390  120.5442
  173.7915  179.6568  182.9704  183.6750  187.0651  219.3376
            0.342896  0.560787  0.000000
   43.3036   44.9634   75.0485   85.0617   86.3647  120.5449
  173.8085  179.6429  182.9588  183.6703  187.0797  219.3312
            0.341530  0.563153  0.000000
   43.2900   44.9682   75.0813   85.1718   86.2894  120.5458
  173.8234  179.6309  182.9488  183.6660  187.0922  219.3257
            0.340164  0.565519  0.000000
   43.2785   44.9723   75.1090   85.2773   86.2134  120.5468
  173.8361  179.6210  182.9404  183.6622  187.1026  219.3211
            0.338798  0.567886  0.000000
   43.2690   44.9758   75.1318   85.3776   86.1372  120.5478
  173.8467  179.6130  182.9335  183.6589  187.1109  219.3174
            0.337432  0.570252  0.000000
   43.2616   44.9785   75.1495   85.4715   86.0620  120.5487
  173.8549  179.6069  182.9282  183.6562  187.1173  219.3146
            0.336066  0.572618  0.000000
   43.2563   44.9804   75.1622   85.5562   85.9906  120.5494
  173.8609  179.6026  182.9244  183.6541  187.1218  219.3126
            0.334699  0.574984  0.000000
   43.2531   44.9816   75.1698   85.6239   85.9310  120.5499
  173.8645  179.6001  182.9222  183.6528  187.1244  219.3114
            0.333333  0.577350  0.000000
   43.2520   44.9821   75.1723   85.6529   85.9046  120.5501
  173.8657  179.5993  182.9214  183.6523  187.1253  219.3110
            0.333333  0.577350  0.000000
   43.2520   44.9821   75.1723   85.6529   85.9046  120.5501
  173.8657  179.5993  182.9214  183.6523  187.1253  219.3110
            0.330189  0.571904  0.000000
   43.2578   44.9798   75.1588   85.5368   86.0067  120.5489
  173.8592  179.6032  182.9253  183.6551  187.1210  219.3130
            0.327044  0.566457  0.000000
   43.2752   44.9730   75.1182   85.3397   86.1619  120.5445
  173.8397  179.6138  182.9363  183.6642  187.1088  219.3187
            0.323899  0.561010  0.000000
   43.3044   44.9612   75.0505   85.1233   86.3090  120.5359
  173.8073  179.6291  182.9538  183.6812  187.0899  219.3278
            0.320755  0.555563  0.000000
   43.3457   44.9442   74.9557   84.8950   86.4408  120.5219
  173.7620  179.6465  182.9767  183.7079  187.0658  219.3399
            0.317610  0.550117  0.000000
   43.3993   44.9217   74.8341   84.6565   86.5562  120.5017
  173.7045  179.6634  183.0038  183.7461  187.0381  219.3547
            0.314465  0.544670  0.000000
   43.4653   44.8936   74.6860   84.4084   86.6551  120.4741
  173.6353  179.6768  183.0333  183.7976  187.0086  219.3717
            0.311321  0.539223  0.000000
   43.5439   44.8594   74.5118   84.1507   86.7380  120.4382
  173.5550  179.6841  183.0635  183.8640  186.9795  219.3908
            0.308176  0.533777  0.000000
   43.6352   44.8189   74.3123   83.8835   86.8052  120.3932
  173.4644  179.6824  183.0921  183.9468  186.9530  219.4114
            0.305031  0.528330  0.000000
   43.7394   44.7719   74.0881   83.6069   86.8574  120.3383
  173.3643  179.6696  183.1167  184.0471  186.9318  219.4332
            0.301887  0.522883  0.000000
   43.8567   44.7182   73.8403   83.3208   86.8951  120.2729
  173.2554  179.6438  183.1346  184.1654  186.9184  219.4560
            0.298742  0.517437  0.000000
   43.9871   44.6574   73.5699   83.0251   86.9189  120.1965
  173.1386  179.6036  183.1430  184.3018  186.9157  219.4795
            0.295597  0.511990  0.000000
   44.1309   44.5893   73.2781   82.7199   86.9293  120.1087
  173.0145  179.5484  183.1394  184.4561  186.9264  219.5034
            0.292453  0.506543  0.000000
   44.2881   44.5137   72.9661   82.4052   86.9269  120.0093
  172.8838  179.4779  183.1212  184.6273  186.9528  219.5274
            0.289308  0.501096  0.000000
   44.4304   44.4588   72.6352   82.0809   86.9121  119.8983
  172.7471  179.3921  183.0865  184.8144  186.9970  219.5515
            0.286164  0.495650  0.000000
   44.3391   44.6431   72.2869   81.7471   86.8853  119.7755
  172.6050  179.2915  183.0340  185.0162  187.0604  219.5753
            0.283019  0.490203  0.000000
   44.2397   44.8409   71.9225   81.4037   86.8469  119.6413
  172.4579  179.1767  182.9629  185.2310  187.1437  219.5990
            0.279874  0.484756  0.000000
   44.1318   45.0523   71.5434   81.0508   86.7972  119.4957
  172.3064  179.0484  182.8733  185.4576  187.2471  219.6223
            0.276730  0.479310  0.000000
   44.0154   45.2771   71.1510   80.6884   86.7365  119.3392
  172.1507  178.9073  182.7656  185.6945  187.3703  219.6453
            0.273585  0.473863  0.000000
   43.8902   45.5152   70.7466   80.3165   86.6648  119.1720
  171.9912  178.7543  182.6408  185.9402  187.5125  219.6679
            0.270440  0.468416  0.000000
   43.7562   45.7664   70.3314   79.9353   86.5824  118.9947
  171.8282  178.5901  182.5002  186.1936  187.6728  219.6903
            0.267296  0.462970  0.000000
   43.6131   46.0303   69.9064   79.5447   86.4893  118.8075
  171.6619  178.4155  182.3450  186.4534  187.8501  219.7125
            0.264151  0.457523  0.000000
   43.4608   46.3066   69.4727   79.1449   86.3856  118.6109
  171.4925  178.2312  182.1767  186.7185  188.0436  219.7344
            0.261006  0.452076  0.000000
   43.2992   46.5947   69.0309   78.7359   86.2711  118.4053
  171.3202  178.0379  181.9967  186.9880  188.2521  219.7564
            0.257862  0.446629  0.000000
   43.1282   46.8939   68.5818   78.3178   86.1460  118.1910
  171.1451  177.8361  181.8062  187.2610  188.4749  219.7784
            0.254717  0.441183  0.000000
   42.9476   47.2035   68.1258   77.8906   86.0100  117.9683
  170.9672  177.6266  181.6065  187.5367  188.7111  219.8006
            0.251572  0.435736  0.000000
   42.7574   47.5226   67.6631   77.4546   85.8631  117.7374
  170.7868  177.4099  181.3986  187.8143  188.9603  219.8229
            0.248428  0.430289  0.000000
   42.5574   47.8501   67.1938   77.0096   85.7052  117.4985
  170.6038  177.1866  181.1835  188.0930  189.2216  219.8456
            0.245283  0.424843  0.000000
   42.3474   48.1849   66.7180   76.5559   85.5363  117.2517
  170.4183  176.9574  180.9621  188.3724  189.4946  219.8686
            0.242138  0.419396  0.000000
   42.1273   48.5257   66.2353   76.0935   85.3561  116.9969
  170.2304  176.7228  180.7352  188.6517  189.7788  219.8919
            0.238994  0.413949  0.000000
   41.8969   48.8711   65.7455   75.6226   85.1647  116.7340
  170.0401  176.4833  180.5037  188.9305  190.0736  219.9155
            0.235849  0.408503  0.000000
   41.6560   49.2195   65.2480   75.1431   84.9619  116.4630
  169.8474  176.2397  180.2681  189.2081  190.3785  219.9392
            0.232704  0.403056  0.000000
   41.4044   49.5693   64.7424   74.6553   84.7478  116.1836
  169.6525  175.9924  180.0290  189.4840  190.6928  219.9631
            0.229560  0.397609  0.000000
   41.1419   49.9187   64.2281   74.1591   84.5221  115.8956
  169.4556  175.7421  179.7870  189.7577  191.0158  219.9869
            0.226415  0.392162  0.000000
   40.8681   50.2660   63.7046   73.6547   84.2850  115.5988
  169.2566  175.4895  179.5427  190.0287  191.3467  220.0104
            0.223270  0.386716  0.000000
   40.5829   50.6092   63.1712   73.1421   84.0363  115.2930
  169.0558  175.2351  179.2964  190.2965  191.6848  220.0334
            0.220126  0.381269  0.000000
   40.2858   50.9463   62.6278   72.6215   83.7760  114.9778
  168.8534  174.9796  179.0486  190.5606  192.0291  220.0556
            0.216981  0.375822  0.000000
   39.9767   51.2752   62.0739   72.0930   83.5041  114.6532
  168.6497  174.7235  178.7997  190.8206  192.3785  220.0767
            0.213836  0.370376  0.000000
   39.6552   51.5935   61.5097   71.5566   83.2204  114.3191
  168.4449  174.4675  178.5500  191.0760  192.7319  220.0965
            0.210692  0.364929  0.000000
   39.3209   51.8988   60.9356   71.0125   82.9250  113.9753
  168.2395  174.2122  178.3000  191.3263  193.0882  220.1146
            0.207547  0.359482  0.000000
   38.9736   52.1881   60.3524   70.4608   82.6177  113.6220
  168.0337  173.9581  178.0499  191.5713  193.4461  220.1308
            0.204403  0.354036  0.000000
   38.6130   52.4579   59.7619   69.9015   82.2983  113.2593
  167.8280  173.7057  177.8001  191.8103  193.8045  220.1448
            0.201258  0.348589  0.000000
   38.2388   52.7037   59.1670   69.3348   81.9666  112.8877
  167.6230  173.4556  177.5508  192.0432  194.1620  220.1566
            0.198113  0.343142  0.000000
   37.8507   52.9192   58.5723   68.7608   81.6224  112.5075
  167.4191  173.2082  177.3026  192.2696  194.5174  220.1658
            0.194969  0.337695  0.000000
   37.4486   53.0954   57.9857   68.1797   81.2653  112.1194
  167.2169  172.9640  177.0555  192.4893  194.8695  220.1726
            0.191824  0.332249  0.000000
   37.0323   53.2185   57.4199   67.5916   80.8949  111.7242
  167.0168  172.7234  176.8101  192.7019  195.2173  220.1769
            0.188679  0.326802  0.000000
   36.6017   53.2671   56.8954   66.9967   80.5109  111.3229
  166.8196  172.4866  176.5667  192.9074  195.5595  220.1790
            0.185535  0.321355  0.000000
   36.1567   53.2108   56.4415   66.3951   80.1127  110.9165
  166.6258  172.2541  176.3256  193.1056  195.8954  220.1791
            0.182390  0.315909  0.000000
   35.6974   53.0174   56.0900   65.7869   79.6998  110.5063
  166.4359  172.0261  176.0873  193.2965  196.2242  220.1777
            0.179245  0.310462  0.000000
   35.2237   52.6719   55.8551   65.1725   79.2716  110.0938
  166.2504  171.8028  175.8522  193.4800  196.5451  220.1751
            0.176101  0.305015  0.000000
   34.7359   52.1906   55.7198   64.5519   78.8275  109.6804
  166.0699  171.5845  175.6207  193.6563  196.8578  220.1721
            0.172956  0.299569  0.000000
   34.2341   51.6077   55.6494   63.9254   78.3668  109.2679
  165.8947  171.3714  175.3932  193.8253  197.1619  220.1693
            0.169811  0.294122  0.000000
   33.7185   50.9549   55.6116   63.2932   77.8889  108.8580
  165.7253  171.1636  175.1703  193.9872  197.4572  220.1675
            0.166667  0.288675  0.000000
   33.1895   50.2545   55.5835   62.6555   77.3930  108.4526
  165.5620  170.9613  174.9524  194.1423  197.7440  220.1677
            0.163522  0.283228  0.000000
   32.6474   49.5206   55.5501   62.0126   76.8786  108.0535
  165.4052  170.7646  174.7401  194.2907  198.0224  220.1707
            0.160377  0.277782  0.000000
   32.0926   48.7622   55.5016   61.3648   76.3450  107.6626
  165.2550  170.5736  174.5338  194.4328  198.2929  220.1774
            0.157233  0.272335  0.000000
   31.5256   47.9852   55.4312   60.7122   75.7916  107.2819
  165.1116  170.3885  174.3339  194.5688  198.5559  220.1888
            0.154088  0.266888  0.000000
   30.9468   47.1936   55.3337   60.0552   75.2179  106.9132
  164.9753  170.2094  174.1410  194.6991  198.8123  220.2056
            0.150943  0.261442  0.000000
   30.3566   46.3901   55.2052   59.3941   74.6235  106.5584
  164.8460  170.0363  173.9555  194.8239  199.0627  220.2287
            0.147799  0.255995  0.000000
   29.7557   45.5768   55.0424   58.7292   74.0078  106.2190
  164.7241  169.8693  173.7779  194.9435  199.3081  220.2588
            0.144654  0.250548  0.000000
   29.1444   44.7549   54.8421   58.0608   73.3705  105.8966
  164.6095  169.7085  173.6084  195.0584  199.5491  220.2965
            0.141509  0.245102  0.000000
   28.5233   43.9257   54.6020   57.3892   72.7115  105.5926
  164.5024  169.5539  173.4474  195.1686  199.7867  220.3423
            0.138365  0.239655  0.000000
   27.8929   43.0895   54.3196   56.7149   72.0305  105.3081
  164.4029  169.4057  173.2951  195.2746  200.0215  220.3966
            0.135220  0.234208  0.000000
   27.2536   42.2469   53.9929   56.0381   71.3275  105.0440
  164.3113  169.2637  173.1518  195.3766  200.2539  220.4596
            0.132075  0.228761  0.000000
   26.6058   41.3980   53.6199   55.3593   70.6023  104.8010
  164.2277  169.1281  173.0175  195.4747  200.4844  220.5314
            0.128931  0.223315  0.000000
   25.9500   40.5426   53.1991   54.6790   69.8552  104.5795
  164.1525  168.9988  172.8923  195.5691  200.7127  220.6120
            0.125786  0.217868  0.000000
   25.2865   39.6804   52.7290   53.9975   69.0862  104.3796
  164.0861  168.8757  172.7760  195.6598  200.9387  220.7013
            0.122642  0.212421  0.000000
   24.6157   38.8113   52.2085   53.3154   68.2955  104.2013
  164.0288  168.7589  172.6686  195.7471  201.1616  220.7991
            0.119497  0.206975  0.000000
   23.9379   37.9345   51.6366   52.6333   67.4834  104.0441
  163.9810  168.6482  172.5699  195.8309  201.3803  220.9052
            0.116352  0.201528  0.000000
   23.2533   37.0498   51.0127   51.9515   66.6502  103.9075
  163.9434  168.5435  172.4794  195.9112  201.5931  221.0190
            0.113208  0.196081  0.000000
   22.5622   36.1563   50.3364   51.2709   65.7964  103.7907
  163.9165  168.4447  172.3969  195.9880  201.7981  221.1403
            0.110063  0.190635  0.000000
   21.8648   35.2537   49.6076   50.5919   64.9223  103.6928
  163.9009  168.3517  172.3219  196.0613  201.9930  221.2687
            0.106918  0.185188  0.000000
   21.1613   34.3414   48.8264   49.9153   64.0285  103.6127
  163.8970  168.2642  172.2538  196.1311  202.1747  221.4036
            0.103774  0.179741  0.000000
   20.4519   33.4189   47.9930   49.2417   63.1156  103.5493
  163.9055  168.1822  172.1922  196.1972  202.3401  221.5447
            0.100629  0.174294  0.000000
   19.7368   32.4859   47.1080   48.5720   62.1841  103.5014
  163.9268  168.1053  172.1364  196.2597  202.4858  221.6915
            0.097484  0.168848  0.000000
   19.0162   31.5421   46.1722   47.9069   61.2348  103.4677
  163.9614  168.0334  172.0859  196.3186  202.6081  221.8436
            0.094340  0.163401  0.000000
   18.2904   30.5874   45.1865   47.2472   60.2684  103.4470
  164.0094  167.9663  172.0398  196.3739  202.7030  222.0006
            0.091195  0.157954  0.000000
   17.5596   29.6219   44.1518   46.5940   59.2858  103.4383
  164.0710  167.9037  171.9978  196.4258  202.7667  222.1621
            0.088050  0.152508  0.000000
   16.8241   28.6457   43.0695   45.9480   58.2879  103.4404
  164.1462  167.8453  171.9590  196.4743  202.7955  222.3278
            0.084906  0.147061  0.000000
   16.0842   27.6591   41.9408   45.3102   57.2758  103.4523
  164.2348  167.7910  171.9229  196.5198  202.7858  222.4971
            0.081761  0.141614  0.000000
   15.3405   26.6626   40.7670   44.6817   56.2508  103.4731
  164.3363  167.7405  171.8890  196.5625  202.7344  222.6697
            0.078616  0.136168  0.000000
   14.5933   25.6568   39.5499   44.0634   55.2141  103.5018
  164.4500  167.6936  171.8566  196.6027  202.6386  222.8452
            0.075472  0.130721  0.000000
   13.8434   24.6425   38.2908   43.4566   54.1673  103.5378
  164.5751  167.6500  171.8253  196.6409  202.4963  223.0230
            0.072327  0.125274  0.000000
   13.0913   23.6203   36.9914   42.8621   53.1122  103.5804
  164.7105  167.6095  171.7948  196.6776  202.3059  223.2026
            0.069182  0.119827  0.000000
   12.3381   22.5914   35.6534   42.2813   52.0507  103.6289
  164.8547  167.5719  171.7645  196.7133  202.0667  223.3834
            0.066038  0.114381  0.000000
   11.5846   21.5567   34.2785   41.7151   50.9850  103.6827
  165.0064  167.5370  171.7343  196.7486  201.7791  223.5646
            0.062893  0.108934  0.000000
   10.8320   20.5173   32.8685   41.1649   49.9176  103.7414
  165.1638  167.5046  171.7038  196.7840  201.4441  223.7454
            0.059748  0.103487  0.000000
   10.0818   19.4743   31.4252   40.6317   48.8512  103.8043
  165.3252  167.4746  171.6730  196.8200  201.0637  223.9251
            0.056604  0.098041  0.000000
    9.3354   18.4288   29.9502   40.1167   47.7889  103.8711
  165.4887  167.4467  171.6418  196.8572  200.6409  224.1028
            0.053459  0.092594  0.000000
    8.5947   17.3819   28.4455   39.6212   46.7342  103.9411
  165.6524  167.4210  171.6101  196.8960  200.1797  224.2775
            0.050314  0.087147  0.000000
    7.8617   16.3347   26.9128   39.1462   45.6909  104.0139
  165.8144  167.3971  171.5781  196.9367  199.6850  224.4483
            0.047170  0.081701  0.000000
    7.1390   15.2882   25.3540   38.6930   44.6632  104.0888
  165.9729  167.3752  171.5458  196.9794  199.1625  224.6143
            0.044025  0.076254  0.000000
    6.4292   14.2433   23.7707   38.2627   43.6556  104.1651
  166.1262  167.3549  171.5134  197.0242  198.6187  224.7744
            0.040881  0.070807  0.000000
    5.7354   13.2008   22.1648   37.8565   42.6734  104.2422
  166.2728  167.3363  171.4812  197.0709  198.0609  224.9278
            0.037736  0.065360  0.000000
    5.0612   12.1616   20.5381   37.4753   41.7220  104.3193
  166.4113  167.3194  171.4495  197.1193  197.4967  225.0737
            0.034591  0.059914  0.000000
    4.4105   11.1261   18.8922   37.1203   40.8075  104.3954
  166.5405  167.3039  171.4185  196.9346  197.1687  225.2110
            0.031447  0.054467  0.000000
    3.7877   10.0947   17.2290   36.7925   39.9363  104.4697
  166.6597  167.2900  171.3886  196.3829  197.2186  225.3392
            0.028302  0.049020  0.000000
    3.1974    9.0679   15.5501   36.4928   39.1152  104.5411
  166.7680  167.2775  171.3602  195.8504  197.2681  225.4574
            0.025157  0.043574  0.000000
    2.6448    8.0457   13.8572   36.2220   38.3517  104.6088
  166.8650  167.2664  171.3336  195.3457  197.3163  225.5649
            0.022013  0.038127  0.000000
    2.1350    7.0281   12.1519   35.9811   37.6531  104.6716
  166.9505  167.2567  171.3092  194.8771  197.3622  225.6613
            0.018868  0.032680  0.000000
    1.6733    6.0149   10.4359   35.7708   37.0272  104.7285
  167.0243  167.2484  171.2873  194.4527  197.4047  225.7458
            0.015723  0.027234  0.000000
    1.2643    5.0060    8.7107   35.5916   36.4815  104.7786
  167.0863  167.2414  171.2681  194.0797  197.4428  225.8182
            0.012579  0.021787  0.000000
    0.9112    4.0007    6.9780   35.4443   36.0233  104.8210
  167.1368  167.2357  171.2521  193.7649  197.4754  225.8779
            0.009434  0.016340  0.000000
    0.6152    2.9988    5.2394   35.3291   35.6592  104.8548
  167.1758  167.2313  171.2394  193.5139  197.5019  225.9247
            0.006289  0.010893  0.000000
    0.3728    1.9999    3.4966   35.2466   35.3947  104.8795
  167.2036  167.2282  171.2302  193.3312  197.5213  225.9583
            0.003145  0.005447  0.000000
    0.1739    1.0009    1.7517   35.1970   35.2343  104.8945
  167.2201  167.2263  171.2246  193.2203  197.5332  225.9785
            0.000000  0.000000  0.000000
   -0.0000    0.0000    0.0000   35.1805   35.1805  104.8995
  167.2257  167.2257  171.2227  193.1830  197.5372  225.9852
