# (648,)
0.000000000000000000e+00
0.000000000000000000e+00
0.000000000000000000e+00
1.376618037605116712e-05
2.232488688934426775e-05
1.535458210425968875e-04
1.420665570914756164e-04
7.014834688523598281e-05
1.033046015942005449e-03
1.006848693688670382e-03
4.777075257350520761e-04
2.201418316037833994e-04
1.997391979009822158e-04
1.187674201371113685e-03
1.864994638237542704e-03
1.700021903493095137e-03
7.702575500953271403e-04
7.760563528087119443e-04
6.412800038404148969e-04
1.853986091849626225e-04
2.090075985148233818e-04
9.756409973904005522e-05
2.996558242957595960e-04
1.045396198729908917e-03
1.012810843603090651e-03
2.012183817655095557e-04
4.088391276615602307e-04
3.644342745326777469e-04
1.631267487668754438e-04
2.275576344426373456e-04
5.727726946527600480e-04
4.351865195347560402e-04
1.924926605762024723e-03
1.837626664096813538e-03
3.960721518427441873e-04
1.342179047934439822e-03
1.199303625084303417e-03
1.751304229362621691e-04
7.025962855710659737e-05
1.030488741020352532e-04
6.445838059406323514e-05
2.548631735168765695e-04
4.367519175235925642e-04
1.126283345610404720e-03
1.321651219796286065e-03
5.891371042767504229e-04
2.969610377066112623e-04
2.645749265317639144e-04
4.791206332016951044e-04
4.803438082362149805e-04
2.001719477576053684e-03
1.989377860248573403e-03
2.074341305702468547e-04
2.490610836965078605e-04
1.557628532223718685e-04
1.535615237503394875e-04
1.973643100178995493e-03
1.993879735031043026e-03
1.035287218715545454e-04
2.158173540305089941e-04
3.348718897187719502e-04
3.954209970862044058e-04
3.471265488090999546e-04
3.817431187481119099e-04
1.751776136003560112e-04
1.366512173996547866e-04
2.300776196059845478e-04
3.521061618144789504e-04
3.039660705350429449e-04
2.157378257473376384e-04
2.502607899091003479e-04
1.248713037316177149e-04
3.812166300135822416e-04
3.076821185351996538e-04
4.419356610189760092e-04
5.082727119246171739e-04
1.655798512575901149e-04
2.908193793834235974e-04
3.843012063074687542e-04
2.500025560265564857e-04
2.034867944105684518e-04
7.312499654341925561e-04
6.762179902602425199e-04
9.077079940046525698e-05
3.431526616375745592e-05
4.252779990351554388e-04
4.150997234402486699e-04
1.125777773008534603e-04
7.931774978625727814e-05
1.752287654356862528e-04
1.915669047517463432e-04
2.600379614978550933e-04
2.199123409209017839e-04
2.281451585734599644e-04
6.704054477945209486e-05
1.959128448407969206e-04
1.557819864537556671e-04
2.712282352640764892e-04
3.992013185239360294e-04
4.396353872067783742e-04
5.887954109611007376e-05
3.454432437265377237e-04
7.617048422847103864e-04
4.734127612253103117e-04
5.796706327827856001e-04
2.553668335420474314e-04
1.317108238645573837e-04
5.794126387117810845e-05
1.068581984055007815e-04
7.774640337481812332e-05
2.688830913176912902e-04
2.617262088811931524e-04
5.582252624140240525e-05
8.909413814802977021e-05
1.177342085551310317e-04
6.228503299622796009e-05
1.552342815361531126e-04
1.620535635743187790e-04
1.148215582012209000e-04
1.691223090571504614e-04
1.667787529870159145e-04
2.429932492241470394e-04
1.960193475213652494e-04
3.286761556205554727e-04
6.500447980908774688e-04
6.191322636968136194e-04
7.727175553920206984e-05
5.205021187758322124e-04
4.497555573763148407e-04
3.366120909422060450e-04
5.969103069101207738e-04
9.636675705064541185e-04
4.700905664294387741e-04
5.559471459876512162e-04
2.954644595748074655e-04
2.893436926749440525e-04
2.788999186754225054e-04
1.858328823431926017e-04
1.535980353922618909e-04
1.786374539997554508e-04
8.294861879192582722e-05
4.273880343211548132e-04
4.080088114918414572e-04
1.635830330207859980e-04
2.354765574240842469e-04
2.694337242705540335e-04
1.698039873597080183e-04
1.622638061461859668e-04
4.452546569923731190e-04
3.219945329459526491e-04
8.107712955571309138e-04
4.769885883429068852e-05
2.057583908891562525e-04
3.155052476089646317e-04
3.684132769807457915e-04
1.248570765747586875e-04
1.684278949543878791e-04
1.215307955999627928e-04
8.508764846243159952e-05
1.647237275564901265e-04
1.606322105376142416e-04
5.487506817175831031e-05
5.717186514464191242e-05
4.545504850384283297e-05
7.468039772400884781e-05
5.002028696186958936e-04
4.593737812889048906e-04
7.889754288092635701e-05
1.053068604423866095e-04
7.202380416974457330e-05
5.987325560194428083e-05
9.455052346871948296e-05
2.180479167970274766e-04
4.418450941137965719e-04
2.502743752227498805e-04
5.361375090785559284e-05
2.927592011094344037e-05
3.067642384677994816e-05
5.583262971836945983e-05
5.248728741182341335e-05
4.028582613505099838e-05
9.485171074140643364e-05
2.086333787708815007e-04
1.662558024005256077e-04
1.010086694072678500e-04
7.063490179980762783e-05
3.440586371301084830e-05
1.977715100748503053e-05
7.734640630818758974e-05
7.608014024430391215e-05
3.244278621488408875e-05
3.586463099541715901e-05
2.671976884004500033e-05
3.882946294084500480e-05
3.541684810909868464e-05
2.070440720407565509e-05
8.013471659579249980e-05
6.766697290782713566e-05
7.780062720044530100e-05
8.893355279452468413e-05
2.199829298167536371e-05
2.061813327513708943e-05
1.813028157020639115e-05
1.365821155926924896e-05
2.402665165864881585e-05
2.809840631474390247e-05
1.823963996279744906e-05
1.190536659630670209e-05
5.165684394159849132e-05
5.666181630916637246e-05
3.701277586603360121e-05
1.316147614597583561e-05
1.338689763745059644e-05
6.713676095050310523e-05
8.699345980469159404e-05
7.598585179517422885e-05
8.283350110664422809e-05
2.421835627127523526e-04
2.287915106032180985e-04
5.415735158351278134e-05
3.996505143741490928e-05
4.875851485709038177e-05
3.931715177008289361e-05
6.517584797215397307e-05
5.409712294080598041e-05
5.696649796164562852e-05
2.909014754737323591e-05
2.631732520635193516e-05
9.469840959012018275e-05
9.450705212192502989e-05
5.222772147192114600e-05
5.286291402759265727e-05
3.266322500929754624e-05
2.392024103329666248e-05
3.728746603193424530e-05
3.217245087107525978e-05
2.606719710881933089e-05
8.923252671696122720e-05
6.025751560152838726e-05
3.845167887121442632e-06
6.527815535808750148e-06
9.956947620412160159e-06
2.451398849183213715e-05
2.547683883906179500e-05
8.784321510853587505e-06
1.337426550127992672e-05
1.214087444447438873e-04
1.108761255165509427e-04
1.349455667203843655e-05
8.865302536919160710e-06
4.884222332706344883e-06
1.343548357798283221e-05
2.341477689062213604e-05
1.288156227882344076e-05
1.125354811659409320e-05
1.544869712545585751e-05
7.956893031419241312e-06
2.439014403532622989e-05
2.359067346214107822e-05
4.618174915188860238e-06
8.181444349322409510e-06
7.036192113620551741e-06
9.462355851059843162e-06
5.115142847348625685e-05
5.267944163053298067e-05
1.040899754809109479e-05
1.339980898536264011e-05
1.458964524776338120e-05
7.600940841258448136e-06
2.591087360503833357e-06
2.377125085178815003e-05
2.657509361705996274e-04
2.438548538067955552e-04
4.955964436023334719e-06
3.846875088433665427e-06
3.938855078324974765e-06
2.860133273445456999e-06
4.927711237726641036e-06
4.966109103098892228e-06
8.125104942763882970e-06
6.517342620943285821e-06
5.480183343263642279e-06
4.058237083811124158e-06
2.620118400800634044e-05
2.246346196242434998e-05
1.252373556085682410e-05
1.184253666796272053e-05
3.206486152752483191e-06
4.872182503663755634e-06
5.353544726876314351e-06
8.152240949304376898e-06
2.390219991689078024e-06
1.116224992542523149e-06
2.862151243300959180e-05
2.426372371041831920e-05
6.374751333570345126e-05
5.679781541266287255e-05
3.702394102487656249e-06
3.709676893110683239e-06
1.094108335199276032e-06
2.710956907093739893e-06
1.815498543323382241e-05
2.242556739116541626e-05
2.697362210335684630e-05
1.403592033306236250e-05
5.077185076436293895e-06
1.032196291301358054e-06
4.206288598874463478e-06
1.785114505723338249e-06
5.352920592658515788e-06
1.109898660237848085e-06
7.747286043109012939e-07
6.410399435106574775e-06
6.228373922352227222e-06
9.771379071943590201e-07
2.351354328507873727e-06
2.181442400843975636e-06
9.058321696184713623e-07
7.797128719407960242e-07
9.587353528815437643e-07
8.234653718503020623e-07
8.002562610665728024e-07
7.426351855763395335e-06
8.878076044338412205e-06
2.050657047439048784e-06
7.492867919860479028e-07
3.494611205975946128e-06
3.408660640810170097e-06
7.532457375411278911e-07
3.767611687984314096e-07
8.041297929952729523e-07
7.569021620262541194e-07
7.096628985038174674e-07
2.344707324322717929e-06
2.291827067355250545e-06
1.074251850010158110e-06
4.943912767634845737e-07
8.800403196819960718e-07
1.893209017737546876e-06
9.060819731825048238e-07
8.288739691784641588e-07
3.888956954331066294e-07
9.533182782568350700e-07
1.069262256225804119e-06
6.524761684366173729e-07
4.488687503667396836e-07
3.378214972511417956e-07
1.359705886468027892e-06
5.504745583882136183e-07
8.582991609595638839e-06
7.640732750361821100e-06
1.476624984185603524e-06
1.246771587102448661e-06
5.880446898326341607e-07
6.494368840932343425e-07
1.313793767890059223e-06
1.460571313200939992e-06
1.999925854384852898e-06
3.385672759547353549e-06
1.584436081069768771e-06
2.824865118395882171e-06
1.367527790877900146e-07
4.376390687922009583e-07
9.734953270350813167e-07
2.295956009470041083e-07
1.209182490713098839e-06
8.343960598496880828e-07
1.839106412510673216e-07
5.062395524220732634e-07
1.891991161308813303e-07
6.958789532335265290e-07
6.220351866539500771e-07
1.579627257161277422e-07
2.258129989428908763e-07
1.931447704306803205e-07
8.940089765576313170e-08
1.166518190197673500e-07
1.660402006297717036e-07
2.507383365805799728e-07
2.256196385928031435e-07
7.096646956500724829e-08
8.226668873257888870e-08
1.241117277174813844e-07
1.263612267022363988e-07
1.009800254746940253e-07
8.363903104954460351e-08
1.141142291822990220e-07
2.379684836373174981e-07
3.479314700000931254e-07
2.181100685912985804e-07
4.497371800907485591e-07
1.997444494070406035e-07
3.377543380911342104e-07
1.370352794556614476e-06
1.445381153039212639e-06
1.182181194804159798e-07
8.218931004539605105e-08
5.961850864180736075e-08
1.735539530848560072e-07
2.916518482090857166e-07
1.769659768505640855e-07
4.651414722326040758e-08
5.787624816848647465e-08
6.453715421808718122e-08
5.433691051264864874e-08
6.872940148693611174e-08
7.730625639998229158e-08
4.281738118585898738e-07
4.090013386158467452e-07
1.669964654897166393e-07
6.751482475347968309e-08
9.368143076533901666e-08
6.276229232381438622e-08
4.156346811267046642e-08
1.273896918821804689e-07
2.364910511230996915e-07
1.531048852455694626e-07
8.814421824719962564e-08
6.550470751789149412e-08
5.110363512379353271e-08
5.792409015098207302e-08
5.131924561633365068e-08
4.768661149937514349e-08
1.430403870667010553e-07
1.838933549352819795e-07
3.988067068623911612e-07
4.116978221519611001e-07
3.510432103348695222e-08
6.752287436506097770e-08
2.281249657938636354e-08
8.688688431940728863e-08
1.046538961556164946e-07
8.107321327185906833e-08
8.869274141878727593e-08
1.319144586906883135e-07
1.019633524825876821e-07
5.604955854370474496e-08
2.415142097842093656e-08
3.339174990072325051e-08
6.057735297499341400e-08
7.252713776014230132e-08
3.212509548023970781e-08
3.762939322841586287e-08
5.743312057420520398e-08
4.402457829989829159e-08
9.605885172953497425e-08
7.675887059736678079e-08
4.574330718126524590e-08
4.171081501876286438e-08
3.351706555402155214e-08
5.065534367789169033e-08
5.646494708100361630e-08
1.195719779227949650e-07
1.151529056473395285e-07
5.362823319171137604e-08
2.494139122773841039e-08
2.699349635381293285e-08
8.522100072545075709e-08
8.797487970617726073e-08
1.655735287987384101e-08
4.376617579533964730e-08
7.088506279989917922e-08
2.981270635872358426e-08
2.619474774078747988e-08
2.596562896563118146e-08
4.456222054861956353e-08
2.975977049615761810e-08
6.604384658442925776e-08
4.334536982836488093e-08
2.366177795381839632e-08
4.946814686189090790e-08
7.124784381222398606e-08
8.427499483733116091e-08
6.616837741585719644e-08
3.619152795479991237e-08
6.246161146274276676e-08
7.921468513212847798e-08
7.488456045632108417e-08
6.596861118487636746e-08
1.055322449240442630e-07
8.810361032611543446e-08
4.496912094477996280e-08
2.691253599671103576e-08
3.042043480882226179e-08
8.330613104860501737e-08
9.346640929564215883e-08
3.056751310687072905e-08
1.555253909223604375e-08
1.216079764007414336e-08
3.897254247353880560e-08
3.777757170773701068e-08
2.454295259673775013e-08
2.288972491558825684e-08
2.992926052002877052e-08
3.837389765084083373e-08
4.050099715341779920e-08
5.365126413966552219e-08
1.447275629179203571e-08
2.490519933164430984e-08
1.643976007756813392e-08
1.731777278022990392e-08
1.569668641906539559e-08
9.772204992983657097e-08
9.411496359225126418e-08
1.675387953962098385e-08
4.048057388354376298e-08
3.314590409021615604e-08
5.159851470957822060e-09
7.182880175840352604e-09
8.085184652849919511e-09
1.523714860945922764e-08
1.676683140887858914e-08
1.358789797145360619e-08
1.078037696499178979e-08
8.086954904051435088e-09
1.242973584376832448e-08
2.480373878125889749e-08
1.789027735629641441e-08
4.562184124029005900e-09
8.248809782558501922e-09
9.940328826904640620e-09
7.206786480174399992e-09
6.065569976382023760e-09
9.820110372952944324e-09
1.171931411020702639e-08
8.472867701922783003e-09
1.670069918871885310e-08
3.842217824152635812e-08
2.527429002776930846e-08
1.622342986998764288e-08
4.995832045156313163e-09
6.406903316536727306e-09
1.372647850624529332e-08
2.677750610473231652e-08
2.111745852318613595e-08
8.784317641974341932e-09
6.459558877463090776e-09
8.723846036156244679e-09
5.207303931058110756e-09
1.362851185324292342e-08
2.390179469378281485e-08
1.716198202353367155e-08
1.306133255502190573e-08
2.204227540954958665e-08
1.448816058159366834e-08
1.168960408717673544e-08
1.156417775286763478e-08
8.859602257919171777e-09
3.385163118410997215e-08
4.055108208460635903e-08
8.419123700491220089e-09
9.957294971211786163e-09
9.518708327062042966e-09
1.031732582300436793e-08
7.311108989688905896e-09
1.198585167228798501e-08
8.806987861602064369e-09
9.189554987144720252e-09
6.990197147029505122e-09
1.231324068835541103e-08
1.846136440625493733e-08
2.161417681623927691e-08
7.138125106551943082e-09
7.181924941957050220e-09
8.278909143321715181e-09
7.673203430733247751e-09
1.434293754491027223e-08
2.412970693075821068e-08
2.427757173527722640e-08
3.037881923929231542e-08
1.979976258147023681e-08
2.422832567630641710e-08
4.038750937354065928e-09
4.474213575405518577e-09
2.440525932234690787e-09
7.380039321083830308e-09
1.838604803061066766e-08
2.389181646330281293e-08
2.264359194256044570e-09
5.479842657047154876e-09
7.113770936064990966e-09
9.494700864566696663e-09
1.451961857035037550e-08
1.337204472616873375e-08
7.021628038543453884e-09
5.287735070498824178e-09
7.854770597406866062e-09
5.530813014986900500e-09
3.645451235263740211e-09
6.634713604999784898e-09
7.186239072845136091e-09
1.269889435586956725e-09
4.881230951201580755e-09
1.013824984332523042e-08
1.028992262252011292e-08
5.943753382515943903e-09
1.578990845537566776e-09
1.757095589692897474e-09
7.170436992011476123e-09
7.537596156500670696e-09
2.743294790298780927e-09
4.135598518575837858e-09
4.329332485868235847e-09
2.412836761145750360e-09
2.051474804766450053e-09
1.258536971247717193e-09
5.634012337511174990e-10
1.882132928064525183e-09
2.501088884808127175e-09
1.462831958896528705e-09
1.048280542928896364e-09
2.120856884963155033e-09
1.090219870021346249e-09
1.043171856289911485e-08
9.183416725087513544e-09
3.361042961703544308e-09
2.344325444412361572e-09
3.405283542328544963e-09
1.700076778682499511e-09
9.949849066669780489e-10
9.173813118371128580e-10
1.866473941731645374e-09
3.487353606674427168e-09
2.182198151893601299e-09
8.091789340563307504e-10
7.950287488406480640e-10
6.186503370528464608e-10
1.079908316063774003e-09
6.318356682055144069e-09
6.987658115464578774e-09
6.772860499280901156e-10
8.232736260115819279e-10
6.446183205394737075e-10
5.974250840403080502e-10
1.850199941684787071e-10
1.775063872709405584e-10
4.515043564218514615e-10
2.009267831085870318e-10
8.524380020188656396e-11
2.045214853952109019e-10
2.710852678644623463e-10
2.230734548367543770e-10
6.817124120032015900e-11
1.652934070530121064e-10
1.422134321884789217e-11
5.934762014312635367e-11
2.453986077242129801e-11
1.090279942671381687e-11
