# (648,)
0.000000000000000000e+00
0.000000000000000000e+00
0.000000000000000000e+00
-5.192868039394331608e-05
-3.958458570461811915e-05
-4.583049800688793868e-06
-2.368025161653577536e-06
3.882198729453031650e-05
-4.877970648294796888e-03
-4.768334070754657282e-03
3.730449169893329921e-04
1.505774989947095035e-04
-2.031050616986951069e-03
-3.211395552589592275e-03
-1.283685339297500156e-03
-6.111448650396356411e-05
-3.496561546748674383e-05
2.238219000204618825e-04
1.573530032074008122e-04
-5.095083321851050097e-06
1.534669257815369998e-05
3.004457223838313563e-05
-1.156257410621108241e-04
1.270038198324083527e-03
1.610111759619641501e-03
1.167179998142026348e-04
-1.152016475787892412e-04
-1.578748666556652961e-04
3.750054842258052169e-06
1.087136453380574614e-04
4.139065339693885257e-04
-5.134142088870052146e-05
3.678274880155818168e-04
4.131932311329035196e-04
-3.839749008339497327e-04
-2.505279018916680735e-04
-2.548205460541851076e-04
-6.038580736765719820e-05
-1.962850714742149966e-05
-7.790329449277482755e-05
-6.426158779804076412e-05
-5.712659931412617339e-05
-7.945030161081631222e-05
-4.279829201625923174e-04
-2.880821006837666056e-04
-2.920745672186926111e-04
-3.971148642097889155e-04
2.824886547061054745e-05
-9.415212769162444110e-06
-9.384215179942334637e-05
1.075720905092014852e-03
1.162310843955717543e-03
7.188082560273860932e-05
1.033931654349469281e-04
-3.574242065704120736e-05
1.779448436559784812e-05
-1.335039318123283056e-05
-2.504454471500006931e-04
-7.814950909080618650e-05
4.034432361956650701e-05
1.559365801704869648e-03
1.599575787976699297e-03
2.823288175273474794e-05
2.749785570560803362e-05
-2.371905531296421841e-05
1.369163932804946827e-05
1.928608626062080952e-05
1.788270136271610323e-05
6.263265776155967578e-05
5.077618091389909228e-05
3.726657149789174039e-05
2.501630189013635575e-05
3.478476095952510598e-05
-8.766341909665509251e-06
2.366395400583996684e-05
-6.569342705885776393e-06
-7.726972134435575656e-05
1.728417714630749863e-03
1.631332879766141108e-03
4.428783273036857249e-05
1.517232158300331371e-04
7.428020467320354311e-04
4.843255006301045058e-04
-1.115332107253142233e-05
-7.249579664212951811e-05
1.110277477553407323e-05
5.968246668711361155e-05
5.085528505425297502e-05
1.320286102328844267e-05
-1.124781402538546079e-04
-2.674818732876504753e-05
-9.962747310990760095e-05
-6.177079937052188318e-05
-1.015051190421922665e-04
-7.654022910395550197e-06
-2.842108946907237336e-05
1.906576451862966555e-05
6.256553234590431862e-05
-6.584592691211407866e-06
-8.553338225529499926e-05
-5.340789083570327852e-05
-6.402661696009322959e-05
-4.352533240169845907e-05
9.418765270881909301e-05
-1.071065128385564392e-04
2.294486790188022206e-06
7.624034496125438765e-06
-1.025241750063716173e-05
1.470739925083509024e-05
-1.758203526106025059e-06
-9.704817572468705288e-06
3.901282550180666707e-05
1.009868663717085444e-04
2.605422926887651517e-04
2.711529596493893407e-04
-8.419795438226534913e-05
-8.415836027156455766e-06
1.241450933677326650e-04
5.923247950940614475e-05
-3.703148556154963193e-05
-9.379959143753984028e-05
-7.954002345996875032e-05
1.835508582089070220e-06
4.038871067788176442e-05
-6.148459410178199402e-05
5.546294552838722670e-05
-5.721422812111962817e-05
3.419863387310646428e-04
3.404780130977410062e-04
-3.635642770510944997e-05
-5.644845504396881310e-05
6.657689970643399078e-06
-1.609194369996300676e-04
-1.253889855691565458e-04
-8.357566375018072560e-05
-1.312441532329787475e-04
-6.341756055528752374e-05
-7.711028625784412821e-05
-7.672685817095625723e-06
1.281408072504792745e-04
8.744011032013565240e-05
-3.442336496426600290e-04
-1.805081955726449796e-04
3.289824848161528969e-04
-1.755303946812488054e-04
-4.268455056633710897e-05
1.194118986341693821e-04
9.710962290784476249e-07
1.063632937019592218e-04
1.538836949844422052e-04
1.092369754938250629e-04
-3.386558646240544167e-05
2.006869222269631675e-05
-6.736826769895994625e-05
5.918916005262012239e-05
6.668089449712265666e-06
-2.768055459141705347e-05
-1.188076766587967733e-05
-5.584124288584223659e-06
-8.168088917043207103e-05
-1.098514665362906135e-04
3.320990389133208955e-05
4.998826980963364842e-04
5.741688410526443135e-04
-2.387422036009277421e-04
-3.412119035685490394e-04
-2.062990881248837784e-05
-2.099326475102852803e-05
-3.005938265182296238e-05
-7.775458116637182685e-06
-1.433827594011065365e-04
-1.747676090737012666e-04
-5.962370353565128739e-05
8.158170487514888067e-05
-2.514336327349398514e-05
1.124396785488156596e-06
-8.905520788943471175e-06
-1.171995887463280616e-06
-6.602667795404867850e-06
2.373439197465658016e-05
5.272669369078976179e-06
-2.594964210431224426e-05
-2.871490089077745404e-05
-2.116696949054112109e-05
-2.756182208398826454e-05
-2.275291939596985318e-05
-1.509845340966044877e-05
6.382125887046270707e-06
5.267240442763823081e-06
2.844294584617322555e-06
1.538891001226623946e-06
3.317087016392793623e-06
7.422526713307187405e-07
-1.324308837212077722e-06
-6.536025507231035082e-06
-2.409108305690872912e-05
-7.492824061870162456e-05
-5.484859933441507137e-05
-1.719453718634325108e-05
1.030862019483981544e-05
1.884646821732106657e-07
7.289893936516788667e-06
-1.110532670551466822e-05
-6.788643719447101666e-06
2.088319970889177113e-05
1.939638737795241376e-05
4.981457366177297767e-06
-9.128011110092558214e-06
-1.150999093223147595e-05
-1.326195614962267202e-05
1.292610869595730403e-06
-6.799871465565259856e-06
-2.232855068671998565e-06
8.332050670942425178e-06
8.022486441647828692e-06
8.752191417346657896e-06
-7.080989743481354813e-05
-6.004687691190561201e-05
-1.119348131267388801e-05
1.339449490707189667e-05
8.374415121166704480e-06
1.935583456340536747e-06
-1.716061750344211238e-05
-4.742144364795620716e-05
5.188329659006727539e-05
3.287136608424156290e-04
2.389216925926489611e-04
-1.884863469514306430e-05
-2.586582240243790536e-05
-5.273528516166593689e-06
8.438013617474295178e-05
4.171769180934914000e-05
-4.349819037086126238e-05
-1.631524837882802895e-05
3.815970129360849517e-06
3.467488877687413862e-06
7.070919571051927655e-06
6.731689688909671175e-07
8.225821953924706284e-06
3.280282059418482868e-07
-1.435694213187267070e-06
-2.994652784014333630e-07
-1.178021048315884018e-05
-1.060086953674800298e-05
-6.875292168188992976e-06
-6.376966905349244187e-06
7.435414436919428487e-07
2.082690980096973286e-06
4.426359191407693444e-06
4.146275024409352008e-06
-4.883062872278342531e-06
-8.113794176847421926e-06
-1.047659774873886904e-05
-3.167915664375850808e-06
-8.733208697106448304e-07
4.093323457403657802e-07
-3.711177222024712925e-06
-7.928690405687834614e-07
-3.526730469286658749e-06
-1.223848153403114746e-06
-2.665685757679284108e-04
-2.663044400297775657e-04
7.757064918020055018e-06
8.597637765215353201e-05
7.516750989569210965e-05
-1.330365253445258174e-06
5.797717504325995833e-07
-9.386760316284515298e-07
5.362870840442533245e-06
1.295755530866689182e-06
-1.328896956465151686e-05
-2.671726679048945884e-05
-2.141063556037204807e-05
3.767073845120359776e-06
3.341532597228770982e-06
3.661771352426682769e-06
1.739353930035016325e-07
1.099827486471331068e-06
9.021008028937113006e-07
-2.628719822376003047e-06
-2.165970255458767322e-06
-7.958481805145171522e-08
1.498873728125274847e-06
1.063123344856222591e-05
9.337006286759447056e-06
-5.484726325282420976e-06
-6.199952643214075917e-06
-1.264969702698821195e-06
8.327748061200080534e-08
4.111094741264861056e-06
5.047464717056740381e-06
2.078216088793377520e-07
-6.372032571696409769e-07
7.187702093836790297e-06
-3.709350263891414622e-07
1.439033243955041613e-06
9.409549757872496709e-06
-2.758438086348011971e-06
-9.207481129777820811e-07
-8.777121976470707475e-08
2.162079491691966309e-07
-1.046337905290021072e-07
-3.382208371061610605e-06
-6.901838612913835493e-06
-2.062165681057495166e-06
-4.723017330630356313e-06
-1.121621802396341836e-06
2.978745093863521664e-06
-2.006274986703729649e-06
-3.627888554889662645e-06
9.506199254363287114e-07
4.702384639190757899e-07
6.363676806408354252e-06
7.356190714623601708e-06
-1.690044970311177922e-07
-6.735889478848221876e-07
-9.213719877333819897e-07
-4.926553412184055722e-08
-4.449584506558473582e-09
4.372159760310065489e-07
1.357381554527799539e-07
-7.347219723814040177e-07
-8.234867243050453092e-07
-5.114060816652646758e-07
-6.221809107990575791e-07
-8.313578015194576902e-07
-3.843316108469309507e-07
-5.064933005751101563e-07
-4.038600102494929205e-07
-2.810450613547942778e-07
-1.288838225399400147e-08
4.155948165353752122e-08
-7.305739223127797232e-07
-5.106580866788316195e-07
7.796964431952233478e-07
4.430630120828574169e-07
8.585015535108068849e-08
-2.692582776698132865e-07
-1.616026332226046393e-07
-1.503951387846629355e-07
-3.207491932835998071e-07
-4.466053521192502491e-07
2.135205554616996043e-07
4.126930526566817526e-07
6.508346530409305406e-07
7.164289558943579863e-07
1.152771815333299793e-08
-5.116615689027936562e-08
-5.195908931449140687e-07
2.806145249291837832e-06
2.223164729210081123e-06
-2.532825469084335978e-07
-5.537851627622032303e-08
-2.865787633385137283e-07
-8.891777313472060314e-08
4.575584457840620824e-08
1.135218447847242662e-08
1.815776637241914596e-08
4.768362903734465716e-07
1.321085686485685199e-06
1.444635937368806115e-06
1.769382977850338790e-07
-4.065753213294900982e-08
-5.034677229247293369e-08
-1.087769709380931371e-07
4.059053330288206378e-07
2.653620058887428637e-08
2.527753652599239043e-07
3.449330568970546636e-07
6.745420461616042124e-08
-6.548614153749252374e-07
-2.021686965354094178e-07
1.883635565553116594e-07
9.043499660747913985e-08
1.608501523307365509e-08
-4.414611075265309424e-08
1.648790494234685858e-07
3.232625546089470713e-07
2.579983395824834522e-07
5.708388216160478629e-08
-6.533005292480157005e-09
3.268869492424612566e-08
7.066216891707345481e-08
1.648777392364820783e-08
-7.696025696003857519e-08
2.723621680544890616e-08
6.582206658465920442e-08
1.243754075811325706e-07
4.858922282404834806e-08
9.585552270250157937e-08
3.863046006217449163e-08
4.187102428629767010e-07
5.296357636625943876e-07
-2.327756633536158616e-07
-3.219116237352574338e-07
1.296357628527505525e-08
2.765667759514141957e-08
4.407824829810705087e-08
3.199336127514121589e-08
-8.277228834149746017e-08
-4.465851043026712013e-08
1.879560774103289056e-08
-4.821934294395317654e-08
-1.438638568962992066e-08
4.256913286575967901e-08
-6.806413353600463204e-08
-8.215649567883564977e-08
3.885458871218371440e-08
1.990642568911646845e-08
1.732124568114396526e-08
2.406784653905005510e-08
-6.493110420094625261e-09
6.955768849419505973e-08
-5.142627492973165385e-08
2.064300175699061719e-08
2.563942565861502290e-08
2.718152640829596250e-08
3.199276482266335265e-09
1.073570149308896897e-08
-9.538376181689943888e-10
-5.218586069030093029e-09
-8.140462638878773228e-09
1.483226141961089459e-08
5.333461852531399648e-08
4.182951368040845567e-08
2.990792819614419268e-08
2.471837885138636385e-08
5.012897104987742833e-08
-2.373295290440608477e-09
-8.718034927865992899e-09
1.020608523959869390e-09
2.900808961472159759e-08
-2.456819031321801016e-08
2.503070634872531713e-08
-4.356769881422318373e-09
1.996909693903557405e-08
5.888497267254547555e-08
1.349714331573069161e-07
4.053490025347604534e-08
1.163786096126895700e-08
-2.991540887994171306e-07
-2.766522426646902711e-07
-1.014882167403355963e-08
-1.672657180924481271e-08
1.689047934046212659e-07
5.374868721607004800e-08
-9.226014037167473389e-08
-6.945124995166792410e-09
-8.018535730793490813e-08
-1.022488283162205762e-07
6.429501548853425364e-09
6.592983680341053980e-09
6.150497298210929286e-09
-5.072731151615679852e-10
7.774348612750047096e-09
-3.273166799499899829e-09
1.959417004574355231e-09
2.432517592996793891e-08
2.674648202909823686e-08
3.569676862174174192e-08
3.933429420573631012e-08
-7.720515827258145215e-09
-6.364385227457471615e-09
-8.733924393182353944e-09
3.005200675077614906e-10
1.139445705299065522e-08
-8.104703097303151422e-09
-9.182332310184515854e-08
-7.854112157408219542e-08
-1.002368129926679607e-09
3.610943056141656074e-09
-2.095181430213390096e-08
-1.324163758357893357e-08
-4.421085692251066854e-08
-1.041438948943652794e-08
-3.507924581055394938e-09
-2.399746799099541033e-09
2.890308988781505519e-08
2.060529909736154789e-08
3.671303509287237544e-09
2.308031232862576217e-09
5.985871748217440120e-09
2.786293744615231082e-09
-4.855212063281076319e-09
-1.333123889679569879e-09
9.690908633290195967e-09
2.085200429437942032e-08
1.216912172251018717e-08
1.162529347687696086e-08
-1.431217688552240982e-09
2.906812521061516529e-08
2.686568566729338898e-08
-1.756811347155496450e-10
1.476493341148544794e-08
1.242199721554705095e-08
2.686091223081337874e-10
1.605345250880318053e-09
8.000942915306346898e-09
-2.002729576162226852e-09
-6.890243790060812777e-09
9.067730569405399963e-10
8.945537081667245314e-10
-1.596277207553732507e-08
-1.087336561725349689e-08
-9.888946581426143670e-09
5.372282497323773381e-08
5.355947520010322152e-08
1.365056101563821506e-08
1.034298987622190627e-08
-5.738530052494035624e-09
1.542821642102310462e-09
3.580991267770396831e-09
-2.752553109694526306e-09
-5.532409754340894392e-09
-5.980068169585122109e-09
-9.312659178676007725e-09
-9.395120209617343791e-09
-4.052004880718753046e-10
-1.366845440745695510e-09
1.910850014966561315e-10
1.887267182395941144e-09
-1.001422492880524723e-09
-9.530851614919211629e-10
3.848591445293575156e-10
2.306088271584585637e-10
-3.715496167670653957e-09
2.567043235519367988e-09
1.282669146903198633e-08
3.969791812367661191e-09
4.247018147455029034e-10
2.407231707373525093e-09
1.748188617498588863e-09
2.687631991382192465e-09
5.928768379209077827e-09
9.517916407475055253e-09
-1.371674835251783036e-09
1.784019431241385464e-09
4.671868378651741240e-10
8.939016212983966258e-10
-2.243992944935358328e-09
3.314802024655877349e-10
-3.915765541721947670e-09
-1.907999362806188381e-09
-6.359023651531807132e-09
-1.375750153311708217e-08
7.807451055335836782e-09
1.493037273004779570e-08
-2.965291526583119337e-09
-2.796801382000732813e-09
-1.700315574329366227e-09
6.427073091787159002e-10
3.834828624210235721e-10
1.727128745075679275e-09
3.480157349949144613e-09
2.862576266352336555e-09
7.487515939070971449e-09
-6.617093638281814377e-09
1.521650548891333074e-08
1.149677233776884395e-08
8.729382051357028602e-10
5.463640176378757072e-09
-4.122146831869038190e-09
-1.660018606116071954e-10
5.594727211676886546e-09
8.149535908531666053e-09
2.940896809657821545e-09
7.497231876027731119e-10
-5.612998859649043440e-10
5.554043909024536745e-09
-2.800585944348217012e-09
-3.673092837336818001e-09
-2.184875260462087064e-09
-6.767072760206929954e-11
-2.664196477343016253e-10
8.930400472930109548e-11
-1.342083582035390937e-08
-1.124477692461859981e-08
-8.703325357243138314e-10
4.721579870737332859e-10
1.994698886252721243e-09
2.492824376297481004e-09
-4.454782800948847568e-09
-4.254822029263024821e-09
-8.195705245099287973e-09
-4.719628587268159401e-09
-2.791300112958415950e-09
-5.949850044518241510e-09
-6.618775505694085497e-09
-8.280014154081303258e-10
1.594202453633469258e-10
1.697374509462426417e-09
1.027388461101193363e-09
1.201199104982705300e-09
-8.451116426826329147e-10
1.101817674948489095e-09
1.228580891643585693e-09
4.867920015418570598e-10
2.411946028855909668e-10
-4.263581637741691090e-10
5.657244450541861587e-10
-7.426678571619235290e-10
-1.017827524514589971e-09
1.924155229945372218e-10
7.471114184191815788e-10
1.042862231224611183e-09
-1.381041518546026554e-09
-5.070056588552658791e-10
-1.116892185766495924e-09
-2.184502675091021795e-09
-2.393461733556052946e-09
5.066474940191190043e-10
3.683232857084646423e-09
3.554375521796012371e-09
1.202611464295905370e-09
8.686051861685291182e-10
7.067014121917840099e-10
-4.798457844958467476e-10
-8.048365780380369296e-10
5.459222676690612744e-11
-5.291308449224277801e-10
4.648525621876785650e-11
-6.900958197088169319e-10
7.194286812385899324e-10
-1.699793424733105870e-09
-1.033586725233851544e-09
-2.829263264655905351e-10
2.106723213795448157e-10
-2.827269302759136874e-11
-7.963537602538664290e-10
-4.542192895084474041e-10
-7.829851750921862181e-11
4.445734926201518670e-11
-4.754307566849949507e-11
-2.383488409604562942e-11
1.374300824143963448e-11
-3.645622652340581744e-11
4.593620369080379471e-12
-1.038086931698999152e-10
-3.380131469183030077e-11
1.968669441558455057e-12
-3.678927799854769681e-11
-2.360960558379022126e-11
2.009007624501668172e-11
-1.681597250298840778e-11
1.001913458091786513e-11
1.509439265531044680e-12
3.271762396968441577e-12
-4.182623703683452553e-12
