# (648,)
0.000000000000000000e+00
0.000000000000000000e+00
0.000000000000000000e+00
1.133539189843771322e-04
8.093855330751513802e-05
1.376869864867515353e-04
1.784754002864412695e-04
1.690398800700807815e-04
1.587627833644735583e-03
2.124079726280968163e-03
1.376185666053765131e-03
8.278075632244019698e-04
2.584613008045355542e-03
1.522121047107161639e-02
1.222155164128086412e-02
6.903934232377162243e-04
3.494391342728000180e-04
4.991844156936462362e-04
4.684116074694906289e-04
1.866053755414976453e-04
8.607215617736376466e-05
3.133924033747077786e-04
1.604790524767433482e-04
8.750043637516833695e-04
8.703173708861973055e-04
2.359935515659917344e-04
1.391731805670352049e-04
1.778546717744595410e-04
9.440545712967698174e-05
2.019133606521756751e-04
7.835889183612883757e-04
1.312182356354679984e-03
1.258027512306371691e-03
9.642325039864463061e-04
3.128998297601118576e-04
1.882750066059694428e-04
1.511851900079302306e-04
4.063381642784307684e-04
3.658768094210997036e-04
2.211170134493410915e-04
2.516612117191530345e-04
6.561354433399487016e-04
4.632976681216664371e-04
6.519031167155514041e-04
9.026875595568370622e-04
5.590336371982207410e-04
2.749658374789393949e-04
3.432068497552182105e-04
7.498683206775989471e-04
7.290376301496856665e-04
1.349970488187086058e-03
9.162263902803026699e-04
6.916258648265281731e-04
3.081429495319308576e-04
2.498955745389645051e-04
2.377248601757070868e-04
2.119438505118080086e-04
2.370923480534947703e-04
1.685625267194882867e-04
1.195500089465823044e-04
1.517409383626526541e-03
1.641720162807968003e-03
2.055212778469022643e-04
5.972298850592352076e-05
5.009472653502713914e-05
6.823980003376957403e-05
1.088242018039552471e-04
7.125137086808733841e-05
2.281787670687260251e-04
1.650932356529082111e-04
1.241700741517609292e-04
1.384506362352254513e-04
1.223615069139005068e-04
8.280750981204297253e-05
1.787431473989792318e-04
1.267285455675496570e-04
1.889963110645692895e-04
2.421280755372604357e-03
2.476268563360345138e-03
1.014698924792904630e-04
3.666061401895490492e-04
4.703728746245299072e-04
3.598540344080280225e-04
1.959449108911928022e-04
2.444184744187404478e-04
1.855729736006056583e-04
8.751358496766419276e-05
1.763913980987254248e-04
1.219069013172708075e-03
1.257014942719385719e-03
1.541604973379838124e-04
1.688783040241677031e-04
1.813309345467504249e-04
1.999926563582470420e-04
1.229731034081669202e-04
2.118574206770198044e-04
1.264565203209334714e-04
3.355794401984826662e-04
1.605220382040969040e-03
1.347330911810379903e-03
1.523932298714024739e-04
1.542657091854788708e-04
2.941485499112362744e-04
2.003788339099653846e-04
4.742925594809468872e-04
3.622603898436824459e-04
8.172556283701194952e-05
7.615959327918143864e-05
6.325833560497850984e-05
1.662806491507224206e-04
9.847035544256044605e-05
9.388077097460200652e-05
1.913602554532518516e-04
2.384115902051405704e-04
2.704537643143979393e-04
2.421518246072061869e-04
2.424211021071312239e-04
1.853286254136509467e-04
1.366161159750305717e-04
1.066692019331369782e-04
1.125717751245698526e-04
1.107743416624353163e-04
1.307063892850824326e-04
1.379926183408817012e-04
8.694045077977877048e-05
1.353617172893007304e-04
1.176975488908012815e-04
5.183666815591607023e-04
3.328807852004629425e-04
1.397144767859577854e-04
2.287003156780605443e-04
1.310661116765234925e-04
2.210533984247787370e-04
1.702150256558684980e-04
2.029169906901092464e-04
1.326401994330653623e-04
1.824694745765153376e-04
1.084837376965475634e-04
1.147587399333357413e-04
6.556816862648259716e-04
6.530615183078376492e-04
6.297804514623333693e-04
9.566302445392981879e-04
3.105502202320893873e-04
2.273261736145001076e-04
2.379848315528264649e-04
2.899806488147911848e-04
5.144868839276591291e-05
2.693274826500170445e-04
3.028178092017496455e-04
1.902815690011883055e-04
2.631871381177282049e-04
1.664959481981218372e-04
1.416633117953998173e-04
2.185134213950653127e-04
2.112111105615079682e-04
2.540564714177360192e-04
2.367132328563187761e-04
4.245640042458818269e-05
2.063660451737106744e-04
1.727919122112460404e-04
5.149747361699863864e-05
4.399232258580314920e-04
6.260116025326505030e-04
4.695824646062363682e-04
3.436678043061291597e-04
7.938994136982240708e-05
5.269395310817929270e-05
4.452865742942909067e-05
7.211382055363456671e-05
1.919421150750899596e-04
3.138635285601032920e-04
2.010459776519828178e-04
6.831462092450923441e-05
1.579065013035235699e-04
1.090359274299691820e-05
1.683379146551477277e-05
4.398425601044861013e-05
5.725898430186740224e-05
3.123593771972963962e-05
3.923711306491722140e-05
9.108205342598328907e-05
1.197009111069330590e-04
7.003949496895634972e-05
4.433356412228943314e-05
5.776724520784510170e-05
4.251566979242294293e-05
2.140455254086390353e-05
4.100661867669315512e-05
3.241936511976482860e-05
1.352187100518246208e-04
1.276896139572491931e-04
6.061189953222197033e-05
5.629762797810097054e-05
1.627882671501759915e-05
3.417307334423466339e-05
9.985642243258115777e-05
6.910283625980762100e-05
3.941911201026068224e-05
2.880140917744175374e-05
3.299768913734212413e-05
1.948711313607076490e-05
2.065531317834223900e-05
2.084389646600908540e-05
6.104526466363955142e-05
6.394952271387162443e-05
1.762722400812631403e-05
3.265743395056915256e-05
2.455588782296987718e-05
1.758985643616927093e-05
2.406889261857808577e-05
4.180593898716391263e-05
2.828578704260923405e-05
2.325589843706274621e-05
2.783267087401083815e-05
3.321174058211021513e-05
2.599251323351799126e-04
2.021644949550320763e-04
9.117041651503506408e-05
1.149342369832043355e-04
4.192192034517318062e-05
6.523359151586617232e-05
2.422895836646129624e-05
6.898532192756460721e-05
1.067030769439670243e-04
2.755963146292474825e-04
2.023803663500538599e-04
7.517926412855148856e-05
7.184389137532746865e-05
3.705449779510103963e-05
4.498961185106739070e-04
4.833585071385161072e-04
7.090587206891263373e-05
3.130638433046137835e-05
1.208082314706473092e-05
1.878826573998425449e-05
6.108088307882505049e-06
1.470208167906729375e-05
6.549885523310564486e-06
4.595167109194925655e-06
5.768769809682193350e-06
2.659332170354136972e-06
1.725437937547736380e-05
1.765365561426454299e-05
2.008831769759436529e-05
2.247659538417285768e-05
1.027449607754793514e-05
1.248791985401582568e-05
5.332810606067089814e-06
6.282347327490284079e-06
1.312534613500127700e-05
1.421634213779484345e-05
2.359532171032749284e-05
1.737992594669906997e-05
3.135686501398690734e-06
3.451654741334086611e-05
3.624933693286712974e-05
8.789511706588749927e-06
1.179129669882108808e-05
1.063846034624188870e-05
2.435753645605050460e-04
2.440587799398472577e-04
8.503675908903050474e-06
1.227688289800092181e-04
1.164158479658430531e-04
2.239794580661751225e-06
4.676674401656941222e-06
3.005380339152753916e-06
4.246177107208324371e-05
4.708949417507889189e-05
2.237323261465457296e-05
3.090590303556095699e-05
7.976385302472811914e-06
4.045173075751002799e-06
1.243151710097951831e-05
1.127472676334667154e-05
1.010133214514608205e-05
5.919444351894172950e-06
7.303517808120769796e-06
5.842388318078330576e-06
6.227908508099049559e-06
3.006773797596626589e-06
3.234466264338725648e-06
4.533568610030331940e-05
4.339328816914187869e-05
1.903787674249678990e-05
1.766509007900439671e-05
2.801312296712842070e-06
2.538803586298135938e-06
2.359505290351512688e-06
4.060005626344944810e-06
2.132371375905859108e-06
1.147731866079948065e-06
1.155915600441780438e-05
2.804101062501135661e-05
7.891058299819385792e-05
6.401535226703805224e-05
6.562924005771714807e-06
3.202469747558465225e-06
2.316303527998482800e-06
1.135768961441544460e-06
1.604737474350561159e-06
1.254284275231168999e-05
1.786644099559187222e-05
1.075062681911822888e-05
5.194749729532013640e-06
3.895389968867210158e-06
3.695759004331857968e-06
6.781943591545814977e-06
4.769011501616632890e-06
1.259446991168932524e-06
9.038153472291954806e-07
1.212873028298787501e-05
1.112725231945503172e-05
3.283730122071748564e-06
1.483736530834247021e-06
1.808146032836333234e-06
1.241079952892033456e-06
5.952042413534876687e-07
8.459663240865838704e-07
4.810938803703902178e-07
1.279888463243793861e-06
2.000344731540426383e-06
1.150100797157620379e-06
1.027905741787164983e-06
9.306967516638434468e-07
7.386914176831349415e-07
6.516397005863796814e-07
1.150687379042090878e-06
1.202875190344672057e-06
6.384687806641898152e-07
4.432520802913306062e-07
1.365949917920237388e-06
1.684557766231893944e-06
1.375884792012172633e-06
6.731959142231653031e-07
3.886829542018631770e-07
4.518752302803197325e-07
8.980785565588234839e-07
9.634651184595277185e-07
4.480994106008600525e-07
7.785911189607448090e-07
1.057892750043936262e-06
9.040869294694977316e-07
8.810662117744514954e-07
9.343638331700662076e-07
1.474657092615126692e-07
2.216366133258082722e-07
3.635506305267512663e-07
1.020036808272856717e-06
1.289620468260659600e-06
3.560621214520889508e-07
2.179827012473118901e-07
9.188211777871100773e-07
7.349817346795340591e-07
2.234207825805036039e-07
1.308364392104371024e-07
1.789890461108599180e-06
2.864259580297495082e-06
1.985182672606705451e-06
1.360879424319442034e-06
2.371222212632092465e-07
1.976758305429696869e-07
6.699765441251787423e-07
1.849876800223958665e-06
1.327698453922702011e-06
7.372018185412557879e-07
6.381690725367303927e-07
4.835516669428822630e-07
5.419120497158948113e-07
1.432704365522568205e-06
1.438056774998899335e-06
3.051906090384134015e-07
1.980733971010842109e-07
1.624917542331506407e-07
1.826616158027907268e-07
4.432081566621397805e-07
5.735691604212134345e-07
3.393302516232509908e-07
1.197018633258383032e-07
1.039070817227197264e-07
1.965943556647769315e-07
1.601679709719414870e-07
1.477030140118119079e-07
4.090408281526372971e-07
9.279990067149692800e-08
3.390877002435691107e-07
4.559240140506717059e-07
3.620466751744226639e-07
4.233449140003427463e-07
9.717223870316279441e-08
2.491146993317700314e-07
3.467295610528273580e-07
2.599342127079408248e-07
2.839900280247735295e-07
9.930569072575899487e-08
8.496822001917110933e-08
1.563315082928552509e-07
1.315415581634196669e-07
5.709209889803041751e-07
6.133622494653880519e-07
1.854460198649968959e-07
6.835017709293358972e-08
6.679984324254070007e-08
6.986414395303742525e-08
1.658907760814962107e-07
1.803845887720698412e-07
9.529750276622031721e-08
5.026659642073552515e-08
4.878755929764205217e-08
1.035458361120358372e-07
2.624325978333502934e-07
2.946239035459233196e-07
2.967307261272421072e-07
2.447043424059924093e-07
4.160051873569634425e-08
8.139211498079064150e-08
4.316778955795199302e-08
4.453900369864568912e-08
4.061684263725592209e-08
4.436182977081920456e-08
2.494020058587947247e-08
7.186606766581135459e-08
4.842218519328459828e-08
2.184288576124936939e-07
8.688708587521616173e-08
1.470929236756288069e-07
6.003386476663004188e-08
4.775272204708476977e-08
1.007596658549959960e-07
1.154037543520082051e-07
3.435256519654247074e-07
1.861337284228935970e-07
1.891552188010046198e-07
1.009134926178894880e-07
1.927962025034411455e-07
1.652218027101341242e-07
1.943679884849596546e-07
1.414746210921742473e-07
8.315701244376265081e-08
3.677243692543547094e-07
3.555594734366971364e-07
2.268191541482496293e-08
5.486013991215234810e-08
1.403871924287812665e-07
4.051896128702556915e-07
3.201738957290365809e-07
3.145509385803751257e-08
2.049821646795070503e-07
2.052225809825105956e-07
2.794058069954843106e-08
3.059126617675805906e-08
2.432758027531574740e-08
1.857916260025101228e-08
3.483081243411505508e-08
2.537029172550542618e-08
2.858785512929789631e-08
8.277617666994310992e-08
7.699591201029114107e-08
4.573022487432516124e-08
5.194128194730015667e-08
1.789697863958995386e-08
2.036582147379632394e-08
1.635257313268047547e-08
1.848921508776381671e-08
3.036046740129809981e-08
4.010760873806071433e-08
1.477831321642397377e-07
1.406029645361391987e-07
3.161261554463307909e-08
3.617989049253666388e-08
6.966149788602402497e-08
1.136487354809711211e-08
6.915626507997774665e-08
3.318338253228218379e-08
1.619588959745412944e-08
5.456264952288890420e-08
5.362637174867044790e-08
1.662010780484688520e-08
1.293126299760947904e-08
9.001117275711457625e-09
1.139060835266724814e-08
2.664353445644487671e-08
3.529600130970778766e-08
5.007542814947717559e-08
6.585986087488019152e-08
5.785345820397984298e-08
3.089434635242565648e-08
2.107802367345645689e-08
1.621990685272825994e-08
2.090285165128939772e-08
1.556785796140782755e-08
1.079735154856118159e-08
4.998650229139406059e-08
5.029781433970127813e-08
1.406499192081585415e-08
1.365587369013186046e-08
1.837186559456748885e-08
3.118460657130159861e-08
2.529557297926326351e-08
8.110398843886331335e-09
2.522049687020458517e-08
1.244049312586869813e-07
1.446865673349080077e-07
1.349422856425426169e-08
3.832632792126310663e-08
3.880930276111265539e-08
2.720163271009163130e-08
4.394945272741133188e-08
2.639230440633455255e-08
1.681793433626062287e-08
1.988319953071909492e-08
7.472555600391922243e-09
5.335000802063564712e-09
1.199680002260048406e-08
3.077866801511477412e-08
2.376760886009481958e-08
2.241187803530186156e-08
1.136969663666388015e-08
7.797549530704264467e-09
9.665501667582884742e-09
7.377557534031219910e-09
8.159332683271154528e-09
6.070195978004303385e-09
4.331899428300958662e-09
1.021665557590278864e-08
1.093172928647973582e-08
4.404122788116411339e-08
4.010450542529881474e-08
1.462753484956563272e-08
7.829242788571920612e-09
1.978806064443758945e-08
2.025166285780050593e-08
2.241526639057341476e-08
1.126985451642805771e-08
1.951520804805915373e-08
1.063289417029842344e-08
8.531450225140437495e-09
1.049322588184039540e-08
9.153864495879682937e-09
7.839556463128282217e-09
8.037718470590068298e-09
5.363744959771163480e-09
1.096659484596233846e-08
2.091281341286096128e-08
2.499918105886124844e-08
1.399252953408878855e-08
1.224143835250534992e-08
7.983497248823623375e-09
1.068303855197213786e-08
6.983158115784939895e-09
6.408603189301925655e-09
9.568823563152018238e-09
5.539592305717824158e-09
9.077934231651860167e-09
7.384011191143078147e-09
1.203664569660028445e-08
1.592724049819055880e-08
1.823443695184083670e-08
6.525404166754808322e-09
1.002014726182370761e-08
2.648110720023947055e-08
2.474001705369640032e-08
8.861398539901269102e-09
1.162289990785729312e-08
6.931868086149938236e-09
4.241552244829207543e-09
2.420016227518777083e-09
8.805125940416273556e-09
6.944715256287189440e-09
8.357101660686381207e-09
8.398304984632469611e-09
9.506060939645865575e-09
5.412759966791347690e-09
5.347729669975049417e-09
2.876840166797614985e-08
2.400327418380020503e-08
6.798072248025358341e-09
2.600151353948417177e-09
3.163826946746963020e-09
4.237624183955133599e-09
1.233469808791629811e-08
1.167064288713378566e-08
5.384597800417878326e-09
4.446345952610713542e-09
2.790340769393746942e-09
4.410831231508956167e-09
4.934556787890106625e-09
3.151736712747499576e-09
3.024878423716711911e-09
7.707322545904432127e-09
8.031474557901337552e-09
2.450041469194173554e-09
8.365939294989607328e-09
1.286785445576651319e-08
5.001511350501707836e-09
3.450619121944695448e-09
1.519406330944749258e-09
2.063839818596022008e-09
4.863635577861161288e-09
9.621619977275543367e-09
9.757902885055484288e-09
1.583759436557693987e-09
1.100710139537790933e-09
2.130661379362831571e-09
1.707818843491055189e-09
1.589264640438537185e-09
3.445826436235750162e-09
2.540680614433340654e-09
2.734556203313334544e-09
2.410600751320237499e-09
2.022324100952689726e-09
2.571766042622473397e-09
1.757490436287588175e-09
1.965031295582720478e-09
2.061191355752565127e-09
1.670341567799485132e-09
1.010289469446958364e-09
1.553397190484143152e-09
2.943300604650946808e-09
1.775018026357628925e-09
3.059268651272371604e-09
8.083849429981267152e-10
2.723108284447997799e-09
2.504245581673711946e-09
8.145091108165841997e-10
2.853063182803588345e-10
2.252906225244913564e-10
6.347205455835308452e-10
4.072890768518049066e-10
3.186617967394677157e-10
1.554503194801466544e-10
7.296784088009693974e-10
7.843069780021959101e-10
2.105673320740429924e-10
2.096429904581525356e-10
5.868591271781885560e-11
1.391995226926873426e-10
5.873678488549791884e-11
3.129871353582046354e-11
7.163307080791882406e-11
9.733602333856480015e-11
4.839195455780029965e-11
3.736215672491045541e-11
7.028006499920119615e-11
1.669266921732576538e-11
5.858655807663724168e-12
2.067376237022060162e-11
