# (648,)
0.000000000000000000e+00
0.000000000000000000e+00
0.000000000000000000e+00
7.401516741139452800e-06
2.318158444119705787e-05
3.905818369821574163e-05
1.596238451192728348e-05
3.521894514604684273e-05
-3.797028987054034896e-03
-3.730101261335228621e-03
-1.724425519974536326e-04
8.766714851017754363e-05
-2.827206868083623832e-04
-3.872998226365561170e-04
5.331762250762079350e-05
3.149718536673286025e-04
3.645036387792346022e-04
3.239707600386076557e-04
2.518130799276261322e-04
8.717866757815949808e-05
9.059871965366307991e-05
2.882854430305513811e-05
3.692351707329310866e-04
1.960316084791903241e-03
1.675122028499570785e-03
1.302573785533451307e-05
-1.870430677516831341e-04
-1.992381388141357425e-04
-3.710199644724527468e-06
-1.441099658306100272e-04
5.406853734491812685e-06
6.838304980202713883e-05
-8.849998506000772728e-04
-1.502328973071798525e-03
-4.434335316832474993e-05
1.281129128779765706e-03
1.281664962370875982e-03
5.808060872806479415e-05
-1.197868669987060789e-05
3.021265755374626661e-05
-2.987988188729343936e-05
-1.055611979555630112e-05
-7.935843180386705777e-05
4.304406254016656004e-04
3.081620077381631460e-04
-5.255602305744985162e-04
-4.143534446449269521e-04
-6.400219361414392460e-05
1.483646766641789851e-04
4.151812164237277090e-07
1.612096072241521938e-03
1.840744675773517284e-03
-1.250594090474398915e-04
4.737439608518169285e-05
-3.628712293028732140e-05
-2.946893652296073035e-05
-1.020331277734241827e-03
-1.002444408088117240e-03
6.609721016140054154e-07
-5.022206762997970204e-05
-1.303111910117540277e-04
-1.404303120843356509e-04
8.459474814089142482e-05
1.116128236114958183e-04
-4.200243559344823059e-06
-2.436229203534847072e-05
2.714568287662239400e-05
2.224221352539218651e-04
1.323885454431295125e-04
-2.807518916263036150e-06
3.674642694957702135e-05
-1.154447292302907811e-05
5.346582020026022567e-05
5.785987927715742772e-05
-2.065917604820501232e-05
-5.823988887788798417e-05
3.266616532573048736e-06
4.383229255409817958e-04
4.559320141005333339e-04
4.295452759551183022e-06
-2.641686679887275463e-04
5.236726612450220454e-04
7.325801165200883196e-04
9.081835047372962787e-06
6.429683318001242047e-06
5.385836092767045313e-04
5.424206796822324261e-04
9.417351121805882255e-06
-1.960959119807995386e-05
1.066936512787000136e-04
-1.626955948300446358e-05
6.433769849356689137e-05
3.091731404510416687e-05
1.113928281838609069e-04
6.837029494064123002e-05
2.569067037119615730e-06
5.295928477396079983e-05
-3.966895362102896536e-05
-5.782960044052889260e-05
-6.563756440883167828e-05
-7.423238039525148520e-06
5.570746947403665267e-05
-1.100804439279933270e-04
1.399727128226759001e-05
2.787395704960744355e-05
-5.102739251426932865e-05
-4.241580467807713414e-05
9.976299608172981860e-06
5.412225212230675037e-06
-8.197891151516118862e-06
-3.905005561794737515e-05
-7.863719586940454381e-05
-2.275307946679870183e-05
-7.423007222701805314e-05
-1.431235646441010524e-04
1.350106044982333910e-05
6.409930145707880647e-05
5.979747936573250993e-05
1.442374353457024314e-05
1.255801031014036357e-04
4.571975961422824233e-05
1.483344110274059008e-05
8.652660519723952927e-06
7.856014179826125335e-06
-2.415390995892950957e-04
-1.212496560759174338e-04
1.850620443510389795e-05
-3.514149698561208493e-04
-3.773287467952997701e-04
7.087122154628487756e-05
2.571149714452971072e-04
-2.261326000486346775e-04
-1.184837866061189696e-04
-2.470416617614673831e-04
1.177942104388471112e-04
1.875707832003987356e-04
1.020867231335314060e-04
6.927965870364506716e-05
-2.850215682472860050e-05
4.806841845829637624e-05
-9.239922923840342736e-06
4.284268999370446245e-04
1.072818352325989361e-04
1.008909058790529275e-04
-1.546461574284337429e-04
3.750366195693885155e-06
8.267929295030039657e-05
8.845184124242542843e-06
1.821239264348446218e-06
1.755256354662420432e-04
1.515966274355705844e-04
-7.513254472806836894e-05
-1.801920947101183002e-05
-6.235161738885268803e-05
-9.865859103868074179e-05
-1.324596076787036827e-05
3.905974028750557353e-06
1.857493671860775569e-05
2.210582822098826092e-05
1.499760596208363867e-04
1.386041980868441990e-04
1.592539391731096176e-05
5.090930126511219165e-05
8.910881877998810645e-05
-1.095316816132957995e-04
-2.066680978651879526e-04
-8.132804061484841674e-05
1.979850121995492348e-05
5.653204650744907611e-05
2.248874754164614714e-05
4.487733349678508279e-05
7.776903954429116139e-05
1.237873906601482592e-04
-5.199017044546889809e-05
-1.307474422134542909e-04
2.354586435071372586e-06
1.220445953199819492e-05
9.843503157804689965e-07
-6.421156210683156427e-06
-2.864718728950555149e-05
-1.184982138969735715e-05
1.645703666867434810e-05
7.232738151834005814e-06
-2.502110577188574648e-05
-1.833624675102145932e-05
-1.206610377201212962e-05
4.792793766172276894e-06
-1.321355364375931387e-05
-6.725890073885712009e-06
2.757033036219567894e-06
3.088462971749201264e-06
3.973118664131071641e-06
-9.471243903362148688e-06
7.612283447235742542e-06
1.416694443142067316e-06
1.652412791295626836e-05
-3.150973439332550266e-05
-2.919847759200352966e-05
-2.637662687057771741e-05
-2.974100649658872029e-05
9.002058750882687782e-07
2.990117007303095426e-06
3.243096284690103566e-06
2.051498835585904842e-06
6.784109228945322647e-06
8.104210579907495637e-06
-1.316001576136581923e-05
5.433230555267813086e-06
-3.476250939855908415e-05
-5.767366009371678273e-05
-1.953706092381035337e-06
-2.030620391019763869e-06
-4.234668420465964458e-07
9.949997837966135218e-06
1.726841549688620992e-05
-4.044562772417394382e-06
-1.504196550532503350e-05
5.419050914781831519e-05
1.056688840740787472e-04
8.823440996745838069e-06
-6.286448733253033441e-06
3.897461049790955985e-05
2.425528840084611979e-05
-4.215676718910101929e-05
-6.707353832521198943e-05
-5.834532805525021273e-05
-3.998289801769533907e-05
-2.130777836684027196e-05
1.624920037121983805e-06
-2.005882134479457582e-05
2.050493280909388924e-05
9.187664768314477315e-06
-3.385266511704552620e-05
-1.423818965897481790e-05
-1.919107527615685233e-06
2.213663570676954943e-06
-2.691989005087235126e-06
3.022617856814535905e-05
2.830309143392761867e-05
3.346834854702553470e-07
-1.205303383208896340e-06
7.341975834051519692e-07
-1.314873867858098150e-05
-1.383161060127397839e-05
1.366950731096705222e-06
6.280798590005682149e-06
1.891642124613839083e-05
1.042861450284274259e-05
-8.313993833761090772e-06
-4.124931888330577205e-06
2.491217869999730000e-06
9.872083691907028419e-06
7.143226571226460607e-06
-7.239916578057990121e-06
-8.762582139111702763e-06
-2.084481132816603148e-06
-2.200596827414724036e-06
-8.740860248173199854e-06
-6.369386400779585578e-06
2.830256069115908009e-06
-3.140641624286356529e-05
-3.024810231577952882e-05
6.244897197028101184e-08
-5.193260049180413917e-05
-4.776675233108125903e-05
-1.324171933660475531e-06
2.080719530087914346e-07
-1.362609088387157079e-07
1.341139688121749270e-06
-3.068118071636870220e-07
-1.144738196665890004e-05
1.121320627498427599e-04
1.231993432448043216e-04
-2.854979560511735542e-06
-3.073405027127166965e-06
-9.031879998353362400e-07
1.303554907043757836e-06
-2.943224883922814753e-07
-4.864275568007199623e-07
1.538730207681865306e-06
1.050489806969547809e-06
4.718691905919368811e-07
1.425205001670565027e-06
-8.373896181351682156e-06
-6.629591636363209170e-06
-7.305691536083769011e-06
-7.943389790691303041e-06
-1.308376956630058142e-06
-8.844580787794833762e-07
-8.395545168424118577e-06
-8.007803684220973143e-06
-1.815162806734653933e-07
-5.081888208283406878e-09
8.532432603310870871e-06
1.149365744068905744e-05
4.368808733237044519e-06
1.057780440644635912e-05
-2.885405215790930786e-07
-1.885761156295954613e-07
-5.539588044921131932e-07
-7.940319065878811548e-07
-8.744359639193228225e-07
-5.938158401429634103e-06
-7.476612383434326567e-06
4.133118492351597477e-06
5.800801479267024994e-06
3.930099636465955389e-07
7.114580689498138564e-07
2.701066622240648103e-06
2.833356154789170677e-06
-6.060462238264379376e-07
6.051082783041930866e-08
5.007498253971868063e-06
4.703883150608511060e-06
-1.084874028893814047e-07
7.099921416577259055e-07
9.428071844320437781e-07
-1.996523184982536139e-07
-6.293223233553630736e-07
-1.534563419418000131e-07
-3.184990653763672809e-07
3.162879610689266680e-07
5.926722915243035723e-07
1.596135632816161490e-06
7.378070846993496004e-07
-1.785213576837299041e-07
-4.743526101776682742e-06
-4.584315714814557203e-06
-2.868904065379056134e-07
-6.612906473893893362e-08
-9.508020497694294681e-08
1.447906394134535965e-08
-3.719508779109278688e-07
-2.135715665047218553e-07
7.452378593729788722e-07
3.278418609039275946e-07
-2.909978950421831796e-07
4.631240331666667016e-07
3.737738969259535900e-07
2.126012996828460776e-07
-1.108361479268023325e-07
-1.959165214946024989e-07
-4.473195711206129292e-07
1.832367441243874627e-07
-2.441087434059601009e-07
7.936899949548007242e-08
1.523619958673064887e-08
-3.100369021066705390e-07
-1.042194794457597496e-07
-8.385520936382711657e-06
-7.547286910050063764e-06
1.168479707599640472e-07
3.071172775255228867e-07
-2.717922374285209980e-07
-1.600068003623524632e-07
-4.421827489800819399e-07
-4.698250895409829947e-07
-5.417883785805451112e-10
-3.324690386716271043e-07
-1.259254906738065823e-06
-1.858418104148365966e-06
-1.032832425276467901e-08
1.534217176552820933e-07
-2.830096462672175378e-07
-6.769860312022950304e-08
-6.502756260482641877e-07
-3.354533765449610602e-07
1.210805684736275966e-07
-1.733050450998133635e-07
-2.644813995603540002e-07
1.538174098266247818e-07
1.910524028273441543e-07
-2.792769145920181067e-08
2.053304591739264602e-08
-1.313120825451477954e-08
-3.862114127992471622e-08
-5.614560517449573060e-08
-1.715500316270695329e-07
-1.913657396815888315e-07
-1.349638133631366300e-07
-7.088927864856785656e-08
-1.300720809337619534e-09
6.716633459939508430e-08
3.689832326361553043e-08
-6.163774961199390252e-09
-1.526801286575232442e-08
4.697261187362494268e-08
4.474333236247236321e-08
-7.830235941567386233e-09
4.443581180179445705e-08
-5.289525613031661488e-08
-8.999472105909817686e-08
3.388770207432658698e-07
8.771923347499537383e-07
8.283808546135448059e-07
6.602973113564822528e-09
-3.113168610329236211e-08
-3.648232479348011908e-09
1.434047600914644298e-08
6.605324476702477034e-08
6.142211277957475529e-08
-1.996867792804996579e-08
-2.769336914895048608e-08
1.904013409118490015e-08
5.954146016278739223e-09
-5.690245010898647872e-08
-5.228379076112913495e-08
2.226580225752566373e-07
2.451073927901351154e-07
-9.164477292103169885e-09
-1.000424491865826980e-08
-1.124354350831804191e-08
1.316271146970676206e-09
-1.240910735524381632e-08
-4.204468143262249257e-08
6.114991387843945030e-08
7.951629247815488568e-08
2.701458461207241712e-08
2.593216963489775213e-08
-3.187984948341933743e-09
3.034436092923563037e-09
-5.697765471300373899e-08
3.779500801052265012e-09
-8.987550389218143187e-08
-7.734139409327607948e-08
-2.412706197433186908e-08
-1.134220351410866907e-08
2.177330675311657186e-08
5.789085256447415908e-09
-1.891738109109784483e-09
-4.304368000256848657e-10
5.370125968272695901e-09
4.877667156143678210e-08
-1.897711241774936600e-10
9.096169397829246717e-09
-7.118312093908115724e-09
-1.436492379455824224e-08
-3.027197535825397139e-08
1.034455757739246622e-08
3.168074655009899238e-08
-5.292723849887533842e-08
-6.195517762688616737e-08
-2.423538358736852338e-08
1.822067359279228234e-08
8.924798460768038976e-08
-6.296480942733268826e-09
-1.368908852646155191e-08
8.575655414313375658e-09
2.944138293020018882e-08
3.582404193219166136e-08
1.107694983871703832e-08
4.017939332167996231e-10
2.578001807235914346e-09
2.166818101980468976e-08
3.053470072459046893e-08
-9.078683758881497049e-10
1.718101740997872215e-08
2.919530806767327706e-08
2.393641251327426777e-08
3.586158841886548500e-09
-1.087767509029825554e-08
-3.615360095542307388e-08
-1.015127072269284941e-08
7.619473245955407498e-09
5.120125532099194475e-09
2.158788545955369308e-08
-7.739031278070637014e-09
-5.248714730860385071e-08
-4.105362291336651619e-08
1.203368848480930779e-09
-1.426587502012131400e-08
-4.080250975767814841e-09
1.162095369051473027e-09
1.031719529194450331e-08
-6.790743731728272225e-09
4.865164271801392554e-09
-8.229995027551137899e-09
-2.534550579845776682e-08
-4.448859670367238846e-08
9.341302130667622610e-10
-9.551429556573784065e-09
-2.256264385833164907e-08
2.971528321065293999e-09
7.643425541708695749e-09
6.776396490941279183e-09
1.188903980978905313e-08
2.942823260623171841e-09
-2.846934045612178109e-09
2.532558339619356130e-09
1.144261445166758683e-08
-2.031153624111492092e-08
-3.065809488567982387e-08
-1.418520472016544948e-09
9.517826000631460134e-09
1.030481741794839322e-08
8.331065449102411898e-09
2.200091437525977858e-09
6.147923292634108041e-10
-8.456855278647834073e-09
-3.056245169643867374e-10
5.329573478698779161e-09
8.031747264857399664e-09
-3.256847088493874959e-09
-4.113418307101109320e-09
2.421219735421093453e-09
5.423341110793615972e-08
4.953810180423710296e-08
2.405451551428616066e-09
5.020068106518378265e-09
8.752406316585772438e-10
-2.945479208996253594e-09
-3.821659999541701631e-09
1.534887587036353394e-09
4.279852594387046284e-09
2.932744872737119687e-10
1.058278722181742420e-08
4.754277043036490583e-09
1.665059318667610874e-09
4.076461735942070187e-10
-1.015156318995510388e-10
2.741030019098158149e-09
-1.172803165072181909e-09
5.842026576062702799e-10
4.164647527704811247e-09
-5.242890816053908066e-11
7.923564786087244750e-10
2.585688644271271307e-09
6.696929695623569628e-09
6.279094488905328224e-09
-8.485218254857023040e-09
-7.692394469860634754e-10
-4.530336158195452707e-09
-1.249351989783121935e-09
2.594104323890020915e-09
1.365098754403544986e-08
-1.311949201348266924e-09
-2.572610944704611572e-09
-6.007971188182650293e-09
-5.865057854055877627e-09
4.748884440474717891e-09
1.028741850497315456e-08
-6.175907983396652705e-09
-6.911696176672495968e-09
-1.424160373089851996e-08
-5.363529742051989495e-09
2.535606842001664462e-10
5.430957024744136403e-09
-8.459058727844969796e-10
7.361110292030822990e-09
6.103801680832468357e-09
-2.571038893381119844e-09
1.160211269032055105e-09
-3.247696105884008420e-10
-4.751051815812710295e-09
-6.287034866825660829e-09
-4.550998822988432137e-09
8.201184361953660594e-10
-9.153162329356532993e-10
2.384063179408971011e-09
3.463949098557997895e-09
4.855920580690374470e-09
-9.247540041558103737e-10
1.956009402992931740e-09
-1.858774590278748656e-09
-3.297535380775976338e-09
-1.746809698095857317e-09
2.940162843104230317e-09
1.836496406882519794e-09
-6.214208586222593617e-09
4.088134786983142607e-10
1.020700569177798040e-08
-2.771064033738557039e-09
-5.078186349444509229e-10
3.770784578946921338e-10
1.506593545035365733e-09
-9.223496200397803434e-10
-3.508378989408831475e-09
-1.636128962716892025e-09
-7.331126713668258696e-10
1.994131316152439801e-09
4.014573957140964761e-09
7.183242897373799675e-11
1.337159040831159420e-08
1.382581037179436531e-08
4.889764417279799309e-09
4.113468391567478234e-09
-6.299295619721507604e-09
-7.537436977829549797e-09
4.718871716817613952e-10
-3.872053416679383848e-10
1.866249807605684796e-09
-5.609125301120177081e-10
6.118847749267095980e-09
6.154312748343102295e-09
-2.416627049847462569e-09
-1.616966311284154632e-09
-4.728551751271997723e-10
-4.100676659751413055e-10
-1.871994277717282918e-09
-5.572544382741743433e-10
5.039454496248547730e-10
2.553634811640696329e-09
2.908466893312168473e-09
1.462584560742018000e-09
1.293593574779153508e-10
-1.113977134225165104e-09
-1.818129654059311203e-10
1.279384999770818571e-09
-1.298959613246898712e-09
-1.298921890947417974e-09
2.651642854378996488e-11
-1.937804604154496311e-09
-1.394645877851578464e-09
3.079510832252984415e-09
3.115491258073551971e-09
8.914006966017348956e-10
4.422983342960557118e-09
4.280597107351138584e-09
-4.173369864624893808e-10
2.167344989303084340e-10
2.947225946843346141e-11
8.193655049331543650e-10
-3.254289107449458172e-10
-1.238815983703704242e-09
8.971683973993088143e-10
6.061598460156060858e-10
7.527014409613707113e-12
2.781195238808031976e-10
2.952712545798005845e-09
3.369210461578170624e-09
-6.212506993531472590e-10
-6.562525436557105790e-10
1.252829091843169320e-10
1.897407560888965890e-10
2.441410134149985034e-11
-2.629885491974790029e-11
-7.046495643942518557e-11
-4.680296745567228905e-11
-7.694203175118359818e-11
-1.763464395874706534e-11
-7.638975395897804951e-12
3.768691942050399791e-11
-1.685566654457146389e-11
-1.912080091139841756e-11
-1.717823949261238505e-13
-1.007993481860631978e-11
-1.673510872060764655e-11
4.405527910638913614e-12
