# (648,)
0.000000000000000000e+00
0.000000000000000000e+00
0.000000000000000000e+00
5.505521472526505537e-05
8.592902849039509841e-05
5.468496892439837000e-05
7.613331961266335936e-05
1.553087203679635474e-04
1.836619529058939465e-02
1.840961230987971792e-02
2.760281200766075593e-04
1.700145808642748268e-04
2.062748438674411565e-03
2.167338244399352742e-03
2.641571442438079773e-04
4.705826993840858978e-04
5.736572215445758568e-04
3.432327662758353831e-04
2.310213282974507847e-04
1.892063864614449353e-04
2.484498765112931585e-04
1.531748547389342877e-04
1.955263228240140816e-03
5.261804170610982941e-03
3.529530213446533359e-03
3.806292323224499106e-04
2.446704476723654325e-04
3.802139912618484967e-04
1.281066459993191245e-04
3.119138071911608428e-04
4.315101371707962268e-04
4.780304886158155079e-04
1.417067058659399756e-03
2.218477625776984433e-03
1.778511715907424686e-03
1.718370309090654861e-03
1.721044377960552962e-03
1.928829368719478738e-04
1.689064074075178224e-04
1.311142810992260005e-04
1.536403756750542155e-04
9.674218604721537005e-05
2.744117028049685857e-04
5.967732728728793352e-04
7.500614684305316688e-04
1.252497732316855362e-03
1.145287072889261291e-03
1.692674173794617935e-04
4.620783165705427730e-04
3.740464718958729667e-04
1.959019529415884607e-03
2.146886991350590787e-03
1.898185265748283284e-04
3.071793092592569642e-04
1.147462586090398652e-04
2.178914143180843757e-04
8.979480843720346163e-04
7.670520727071834279e-04
2.804621074449584607e-04
2.477952573236982467e-04
1.888119726198297628e-03
1.891824628445224745e-03
1.473874856045414856e-04
1.838303319791417204e-04
6.118352006865224668e-05
6.481563139994896236e-05
7.212431021632637084e-05
2.261245128020390510e-04
1.751704851805140832e-04
9.691508746467612974e-05
1.212121659823277401e-04
1.059978400166077542e-04
1.110581980804452410e-04
9.059305493004607163e-05
9.550349507272932288e-05
5.641536042411602307e-05
1.201506160147155627e-04
1.375733102590529899e-03
1.483177238274062610e-03
1.281321060692440581e-04
4.990604857874566570e-04
1.334162775791955047e-03
9.431731485287104394e-04
1.334342859354086344e-04
1.026990468185498106e-04
8.688531914412878955e-04
8.910953182766973750e-04
6.579112047010777402e-05
8.803662652289117978e-05
2.183406773384748319e-04
1.854343565185099184e-04
2.912492195659251095e-04
1.530747649194805172e-04
4.547012027082177337e-04
4.058943617807465962e-04
9.412265701609902834e-05
7.017696070389000318e-05
7.650925417914429397e-05
6.763622293702821399e-05
4.837966645148315760e-05
6.303930901822946630e-05
8.799580123939526653e-05
1.318906634509962482e-04
3.704283275780425569e-04
1.453695786021560251e-04
3.080536540678347509e-04
9.393934401453651244e-05
8.960166428900373970e-05
2.315102354755688239e-04
5.880012890210923476e-05
2.159476208753444073e-04
1.242285758653107765e-04
1.171405304111662349e-04
6.544585669241278830e-04
6.593081415509857192e-04
2.207034775184601484e-04
2.675075552003920612e-04
1.499375425824566366e-04
3.794537336065230502e-04
4.920648752790002765e-04
2.266375583594978981e-04
1.245936683452730505e-04
6.967501825660640411e-05
1.383365255880800550e-04
2.356295475124283833e-04
2.772975438766325036e-04
1.349838167503362323e-04
6.187735898226133643e-04
6.108013301328767738e-04
1.351129059852967159e-04
2.524737191361058823e-04
3.525358719833830809e-04
4.868844065985417102e-04
3.049267713336596642e-04
2.208188293997444805e-04
3.085317879981782285e-04
2.406681587749547795e-04
1.654709309826469577e-04
1.017392052494974479e-04
1.065896435294933712e-04
8.839954480944574495e-05
6.320433367135411566e-04
9.224253297419624052e-04
6.844067107455158606e-04
3.432128287286692592e-04
2.263485548343931056e-04
1.306916809889460327e-04
5.393834101843471366e-05
2.014743088911035210e-04
4.101168815041537712e-04
2.429536519777929508e-04
3.703954095554888408e-04
3.866849633147991720e-04
2.088564891785596597e-04
2.341820663811905174e-04
5.987330593357410884e-05
3.907975168956174058e-05
5.398682874661221704e-05
6.066955760906523595e-05
2.428763313633137109e-04
1.841858195292524702e-04
1.161721087618603968e-04
6.872269795693267862e-04
6.920920683253439180e-04
5.132839370908764791e-04
4.367996021761419889e-04
1.685613769194663832e-04
5.564643667343989561e-05
9.580681883935894549e-05
5.215107926176388263e-05
2.977797464100493514e-04
1.975777218620569414e-04
2.187327646916769426e-04
2.077353726873831135e-04
2.075062740080787203e-04
2.482148068993995501e-05
5.095163847875891125e-05
4.707797715761983729e-05
3.750866199459920096e-05
4.656082876159332314e-05
4.785683073804839025e-05
3.650035280827184113e-05
4.528897295231188824e-05
2.434065282902751464e-05
5.663007676480306273e-05
2.146696222575170121e-05
2.491154712323389735e-05
2.709299707237322052e-05
2.597433645932710028e-05
2.081655392041834154e-05
1.542929131042099724e-05
9.982216272148609028e-06
1.866899829027096228e-05
1.592425631458685309e-05
1.862423080770790352e-05
5.894002828820482182e-05
7.540227496505382584e-05
7.430220037035326541e-05
6.049462452673613300e-05
2.937416511469792232e-05
1.188248367450321890e-05
1.643643763553231206e-05
2.020556971234865778e-05
2.070210699701913727e-05
2.253443971081399530e-05
2.453025534421735904e-05
4.275156706712737004e-05
7.081484996080852597e-05
1.195727136929102306e-04
1.178647677256908086e-04
1.889539963040138699e-05
1.364787210911816084e-05
1.796635566871467829e-05
2.754881769394077081e-05
2.127930513561280569e-05
4.277531864391696673e-05
5.159677823341580561e-05
7.694613206162495978e-05
7.817231058610044070e-05
5.314755915760410726e-05
2.939062539729641747e-05
6.632221614117060095e-05
4.897178096039917579e-05
8.833952546712041365e-05
1.811411842797533553e-04
4.796487684494671984e-04
4.057530180281415503e-04
4.696647019869998687e-05
2.951410246584772580e-05
1.742188754241110482e-05
2.853545319940443024e-05
4.646605311970681298e-05
5.457246203966079556e-05
2.621355379656451246e-05
6.657116078435773309e-06
2.730985662392313454e-05
3.003743219023382075e-05
2.182374581782352992e-05
2.798825724309439016e-05
3.063712391078347736e-06
3.368713687258728147e-06
1.369680038987703350e-05
2.087405493773388044e-05
1.335285508489533479e-05
8.211311777555727623e-06
1.083362041092831259e-05
1.219565415375760151e-05
3.244782825009754113e-06
8.778534512653806668e-06
8.396288830402673438e-06
4.266288501026909208e-06
1.252282324909948374e-05
1.317777299658150267e-05
1.439111488836906661e-05
1.355169142791841042e-05
3.263016769039505707e-06
6.965730341679213610e-06
1.146243615511260086e-05
9.734374267353520491e-06
6.014733407621462082e-06
3.044877271443818031e-04
3.016021899852189530e-04
1.563618020851771214e-05
6.715497347301092900e-05
5.917128699976777564e-05
4.873478122037162781e-06
3.761856111062243864e-06
3.880023120580566679e-06
6.559364808577006114e-06
4.832302517774682792e-06
1.386268356362585914e-05
7.771519923307331423e-05
6.926889884373319624e-05
1.486897744567133850e-05
6.551274084742963803e-06
8.996985407669077790e-06
7.431034200362288755e-06
2.238251382249599704e-06
4.411694731114048847e-06
5.288596244185562892e-06
6.591874470928219653e-06
6.320694543853300677e-06
2.086873585032569350e-06
4.785830449190862577e-06
5.893092400474973641e-06
5.634424628516070683e-06
9.103953002388794874e-06
1.937658087949692278e-06
3.366337381398772771e-06
1.831806433704321702e-05
1.600786104583999634e-05
3.668930117695789728e-06
3.116843162991947617e-06
1.185250228976065143e-05
1.202784533616558264e-05
9.692789507292690461e-06
4.391056297822907279e-06
3.180531175968975609e-06
1.157035913099905882e-06
1.804042599410544645e-06
2.119534273750747235e-06
1.784495660349589083e-06
9.365069511412662132e-06
5.222045478648332729e-06
1.355621389573841539e-05
9.363676792890463196e-06
2.564859320499465710e-06
3.802762546029732674e-06
1.204196371823356421e-05
8.462318315482531705e-06
2.280910837607228470e-06
1.690817036915753727e-06
5.760902589646481113e-06
5.954616489104604032e-06
1.101629752075553538e-06
1.073292192908168405e-06
1.103276510016640819e-06
1.354423063849874129e-06
1.221548262717972891e-06
1.171777177278457057e-06
7.031154386253712878e-07
9.247316323451946062e-07
1.263463177898136559e-06
2.059290924353216156e-06
1.342556107346320418e-06
1.148210404033208899e-06
7.698134843153392066e-06
7.487742729866517881e-06
5.573545456666623840e-07
4.601025463385887366e-07
4.708504186786207134e-07
3.052914084297677636e-07
1.147649518704051968e-06
1.265718314381346256e-06
8.241613339946001761e-07
9.190006395751692514e-07
6.904403104790869106e-07
5.891944518139491074e-07
5.006997681211582518e-07
4.618334441010032257e-07
8.283396001213707648e-07
8.396583459226502994e-07
1.450946810254247661e-06
6.740329464696482178e-07
1.245782270669090653e-06
8.702838131453392031e-07
2.602270654362188335e-07
4.434251898014888981e-07
1.984863507833480542e-06
9.305411129672674513e-06
1.009475649396482722e-05
4.269086746127301973e-07
3.120396161767533465e-07
4.056399330048433805e-07
1.862493043506310157e-07
4.369392784915981978e-07
3.069315604842119997e-07
9.521341742061411282e-08
3.626389650108646544e-07
1.655224862654466600e-06
1.778580143249874797e-06
3.384001298187603680e-07
4.056712466204171957e-07
6.980879635357560637e-07
5.446994502212416877e-07
7.253506777893640731e-07
7.451611903555001637e-07
4.366050197465950366e-07
4.733816401376689410e-07
2.129482784284500071e-06
1.727286039541034707e-06
5.344389250015945177e-07
5.186841381270873000e-07
1.765619847599513275e-07
1.245295744652368504e-07
2.340072223630602880e-07
4.451269203473489024e-07
2.870660045192604184e-07
3.928937662278546908e-07
1.867491535739350190e-07
2.240121930121403840e-07
2.551627811012086246e-07
3.706134018559397206e-07
3.330436836374039287e-07
1.251560407463422749e-07
1.125287214134617509e-07
2.552871911959076890e-07
1.669240345096394855e-07
6.838686639302542412e-08
2.517747658572582868e-07
6.254972365114780014e-07
1.531180558557991255e-06
1.317609574267931656e-06
8.014031248345441539e-07
6.235905780217554785e-07
7.966982775347877281e-08
1.571639239243099093e-07
1.078285572055081660e-07
1.192469498676410828e-07
5.942378469489640725e-08
6.835039679250700826e-08
4.459725420201931055e-08
1.131962613499613472e-07
1.855482356016971006e-07
3.705283331950340059e-07
4.293683440566994467e-07
1.868319040809726018e-07
2.397995130368401597e-07
2.593843631719627579e-07
3.787126076567739038e-08
7.595778472094292947e-08
1.241778728868690135e-07
9.746554661129906063e-08
1.448762510912921427e-07
1.184201910557472242e-07
1.261625447619418998e-07
9.960967354384305739e-08
3.296632022757432216e-08
4.172838363515754973e-08
4.633372905472954445e-08
1.312553603688177878e-07
1.321870586495608902e-07
6.273609546641556956e-08
1.090458359446337673e-07
1.230201710297166793e-07
4.001160010420457341e-08
6.531473482100980626e-08
6.268596451276261589e-08
1.992118766875360188e-08
3.941781403770780537e-08
4.041558975977711948e-08
4.287838632979530136e-08
1.642784067803922074e-07
1.854464053032289725e-07
1.792355732282384711e-08
3.014154739158809346e-08
1.744974455786078393e-07
1.264796434197408577e-07
1.610786356798834181e-07
6.106822796747333382e-08
3.325238395516082025e-07
3.154215566393749664e-07
7.557461723981227286e-08
1.054215893728631430e-07
3.246120008422427066e-07
2.471748083716900545e-07
1.343988594265021086e-07
3.712993701710907827e-08
9.353591289273215783e-08
7.603557678481540330e-08
3.257314339547620809e-08
2.959844835411435457e-08
6.016958117047703155e-08
2.065432281387263730e-08
4.332892809336209626e-08
8.106270896436730175e-08
3.935015718569020103e-08
2.180486386359235373e-08
2.282818810480325227e-08
6.070387242777040316e-08
6.457110535323619125e-08
3.633015739574370803e-08
2.079335450585659605e-08
1.517625710409264873e-08
4.655676251731139798e-08
2.856034973535696140e-08
2.307451198191170383e-08
7.583989038288604436e-08
7.674188374291324762e-08
1.014516048032299192e-08
2.698732877417531306e-08
3.382549175180862435e-08
7.657573938757948927e-08
4.074070047598171190e-08
8.414111912330898559e-08
2.685790583223821073e-08
1.774090481790024067e-08
5.619255837293929300e-08
6.940182764391011485e-08
3.122015596947520343e-08
4.705122697478419823e-08
5.274927600570047220e-08
7.382387637051448547e-08
2.068016064532118817e-08
9.845360878547309749e-09
1.532629883997172005e-08
1.544614808480573509e-08
4.338234674834959416e-08
3.864535786266749887e-08
1.874556260694394047e-08
9.505768011493010931e-08
9.504657161262758681e-08
1.005543532768076325e-08
1.420169317444591449e-08
1.172731601629693330e-08
1.416552907856925881e-08
8.809420209412117227e-09
2.366038345102275134e-08
1.708723641873657922e-08
2.660259921268304586e-08
1.140248164132036965e-08
3.335202096027747330e-08
2.787739169659216431e-08
3.084399316184639278e-08
2.345783092048085768e-08
1.109486220583961604e-07
1.118392228415569564e-07
1.823677197696098497e-08
1.851112206820895792e-08
1.243545775986552311e-08
1.111851264250583249e-08
7.816292358524326196e-09
4.610982223383752383e-08
3.826444618707078091e-08
2.542055811479864452e-08
2.041766115926240613e-08
1.160572962952313783e-08
8.345957835409107780e-09
4.020025776064161365e-09
8.851353211199914063e-09
6.235133916429777059e-09
8.800106746192568209e-09
2.865524195909990511e-09
7.027743461584800379e-09
1.122675880488701226e-08
7.614878051859067614e-09
2.570277325573764232e-08
1.414856523858514848e-08
1.981285337802714120e-08
1.341289315387450961e-08
6.306996370383190588e-09
1.215977536551101925e-08
6.562088239201355101e-09
2.256378874546050633e-08
1.368870643008631092e-08
9.520559208065675824e-09
8.871733320655713344e-09
1.904727099769730002e-08
2.117975884028921902e-08
1.652449893000710316e-08
1.324234296889865967e-08
2.272866654754164568e-08
2.448788436610198979e-08
1.861437802666038370e-08
1.874380059816169524e-08
3.822653790430915311e-08
3.120349224419530684e-08
7.160972888299757740e-09
8.966162577541648893e-09
7.317191492816809988e-09
5.504377604363298767e-09
3.219595086235822985e-09
5.861788573058413377e-09
7.740982066241077263e-09
1.706934307568904007e-08
2.171012231200075763e-08
6.432756707198378608e-09
4.711300205869686900e-08
4.896780937526407792e-08
9.991619164876799905e-09
8.818672929342453174e-09
3.797022030347498504e-09
1.247766710895380733e-08
1.400971149108486746e-08
1.729399304178862883e-08
1.127726804476187802e-08
1.200723033708758927e-08
6.713901602244350941e-09
1.078015181443063397e-08
2.403495626054322417e-08
1.532451256676770131e-08
3.496274160183119886e-09
2.607751008918627578e-09
3.600448036424174588e-09
3.751637496313831429e-09
8.715760138771584577e-09
9.291508158929079840e-09
3.646087456808733502e-09
3.877103978760493146e-09
7.905571441584239297e-09
1.348928364593999189e-08
9.371459508551159148e-09
2.308579642732174289e-08
2.479814747407532297e-08
8.830946499487274695e-09
8.101005767027260017e-09
1.833549578373802715e-08
1.456454349802765744e-08
2.060422218490196206e-09
3.384304358633800760e-09
4.413636475610131092e-09
4.439646573215081355e-09
1.446486743692135048e-08
1.823026874961461053e-08
3.495750821985874931e-09
5.331376718935266058e-09
2.689206161715299949e-09
3.255120941510478818e-09
4.489818605776671311e-09
1.601397341443339811e-09
2.945214971419595393e-09
3.974163142164937407e-09
4.462320967815325769e-09
5.974394829824222355e-09
1.998917511294086589e-08
1.740203478297795352e-08
1.754237829795202472e-09
2.143436603774138460e-09
1.289253935356526386e-08
1.137926542719353029e-08
3.617223642333345118e-09
1.090130763958000328e-08
1.036954005705774587e-08
2.511777033656671415e-09
1.957753477135148022e-09
3.223674598758404499e-09
1.158503420594957943e-08
9.782493625883885615e-09
1.025825038610173817e-09
1.118533631933160075e-09
1.431732929862633218e-09
1.469548800347336435e-09
1.893138817634108409e-09
2.600327166089379848e-09
4.094516422674513787e-09
2.267747041688191050e-09
6.972425172494016625e-10
7.390992895093330070e-10
1.984636127223424562e-09
1.969010438702341288e-09
1.300331890931696474e-09
1.159876874320288699e-09
3.842664054777964473e-10
2.113441697350491196e-10
9.599155885305713950e-11
3.915703760888254285e-10
3.672381473495280239e-10
2.777030975558727701e-10
2.268692334499171101e-10
1.499839251056385569e-10
1.075581122342306632e-10
1.573575479067804606e-10
1.457120280704758281e-10
7.915608596479987544e-11
2.705959110391764819e-11
1.867552133328306912e-11
2.358690525375248364e-11
4.506367576415199527e-12
