# (648,)
0.000000000000000000e+00
0.000000000000000000e+00
0.000000000000000000e+00
-1.015190075455499307e-05
-6.581718689165426751e-06
-9.179974756852006068e-05
-1.010998781895901960e-04
-4.488202194361635240e-05
8.724213704720516511e-04
6.648360614511095298e-04
-3.661295899345982734e-04
8.804901308590580946e-05
2.376131675508106451e-04
1.840667580559199931e-03
1.845326627728447995e-03
-7.076049829061913576e-04
1.504281856469585031e-04
3.788935386593204283e-04
3.677420800987943545e-04
6.232434549502600236e-05
-7.667855839617650596e-07
-8.113534515879478992e-05
9.621183994391840466e-05
6.027723289007744624e-04
8.659440742549571112e-04
6.379052409610207208e-05
8.397624019462010417e-05
8.952748045820224741e-05
-4.180401265169174824e-05
-1.316313457826831946e-04
3.514917998751793289e-04
5.960495929381274963e-04
-8.569548649920197920e-04
-7.372410886042337838e-04
-1.036688965250676706e-06
-1.016742416642595699e-04
-1.115505154247950357e-04
-7.262073772034648348e-06
7.429911365218399232e-05
-2.131093702240990063e-05
-4.617714830467611133e-05
1.688239833292285829e-04
1.046904875442271739e-04
-7.335919410514598650e-04
-9.942152290263396759e-04
-1.856187333613766957e-04
1.158408689231974213e-04
-1.752212323523330746e-04
-4.581150022049145691e-04
-2.544413201170928800e-04
1.141231309775629990e-03
1.223135793641662999e-03
-1.059379640639803246e-04
5.376559122138566859e-05
5.788886299585758990e-06
-1.333332950604629796e-05
3.107505917945081915e-04
2.400669041886488821e-04
3.280523402662016718e-05
2.974407738839912710e-05
-2.381242926997948883e-04
-3.022721335754796385e-04
-4.939608012658223491e-05
5.077554604067431999e-05
-1.392808658581799119e-05
1.614978404888828736e-05
4.795751441794169695e-05
2.803191573917146455e-06
4.009230233758718457e-05
1.853192690665002193e-05
-1.520855545198482470e-05
2.403776748636095341e-05
7.261402722713305731e-05
6.008822709243261839e-05
-1.125700599379318028e-04
-5.260867934412964475e-05
-4.302856213105663003e-05
5.201146326578143892e-04
6.541385970954336068e-04
4.550872658808571345e-06
-6.293199360688143495e-05
2.433551131960822041e-04
4.169111685011427332e-04
7.502545757961115859e-05
8.129175228663950540e-06
3.019600866654813462e-05
6.543088682541232861e-05
4.635203171612096697e-05
7.520279093938277127e-05
9.596582295981405820e-05
-4.089022032301189953e-05
7.943739049361014281e-06
2.942381925174357877e-06
-4.102521741427127299e-05
-7.815679281503036028e-06
2.371665062459584692e-05
-1.961731476319348823e-05
-1.884478540177590244e-04
4.583735707982464344e-04
5.746925521707285395e-04
-3.103784011503166749e-05
-1.001961582405656441e-04
-7.658296911015531714e-05
-1.417647054307639943e-04
1.027174714603206119e-04
4.441542016212961729e-05
-3.882941851080866071e-05
-4.561400518428830376e-06
-1.310964440162048662e-05
9.845960268381681644e-07
-1.381298484410918870e-05
-4.901947456628140632e-05
-3.619096791320624022e-05
-2.598069619899065087e-05
-5.073833394797386221e-05
-4.933082651015259235e-05
8.395172361134430256e-05
4.840962762937926490e-05
1.075930767793068111e-05
-6.780146482526735769e-05
-2.907091501293258796e-05
-1.712818343165395973e-05
-4.800039770014791408e-05
1.255410857028943354e-04
1.136930184404480183e-04
1.234961634288408387e-04
-1.741632704258921821e-05
-3.062431164779502116e-04
-3.123901002563821984e-04
-8.205279462520354808e-05
-1.049064242427881044e-04
8.198453704050738089e-05
-5.917277027938113414e-05
1.473114994317185965e-04
-4.870159108680602702e-05
-1.355354574431182383e-04
-1.193197171924705464e-04
-5.463463930744063066e-06
2.777126405311226693e-05
5.538915803964234808e-05
1.539111360817054853e-05
-2.796081235125586709e-04
-3.237849015585104930e-04
5.423529589101385091e-06
1.506275364679992483e-04
1.170019019242599681e-04
1.441024276059487341e-04
5.850511444295416021e-06
-1.819134340980373197e-04
1.399557232784816600e-04
-1.024782359125722366e-04
-1.149914347815738561e-05
-1.007019638689092176e-04
-9.583252950380905812e-05
1.073572874168413939e-04
8.099083698054441050e-05
1.003950656970188735e-04
9.547988271992728941e-05
-7.437073233875778821e-06
-1.265330525856222339e-04
-1.306543774744051806e-04
2.986818996457391329e-05
6.817862484507280162e-05
6.932464257145207740e-05
1.172400488524573127e-04
2.254765024822708334e-04
1.136265836669927748e-04
-2.589884694649976463e-05
-2.501516540547921353e-05
1.969335386238738535e-06
-5.131135172264292396e-05
-6.931043954426369656e-05
-1.658733306331968735e-06
8.777320561161546290e-06
-7.782311439989251665e-05
2.656527117229052429e-06
-6.986771660555206242e-06
1.876710633555347257e-05
5.311879617687757702e-06
-1.407664039113536573e-05
-2.734044192574238493e-05
-6.919518005311876743e-05
-1.920518201722242899e-06
5.607970212813786007e-05
2.026520983423046946e-05
3.596597998763775015e-05
3.516074031502780145e-06
-5.209309718081354266e-06
-3.898900214490925927e-05
-3.243496353602223818e-05
4.853497545067834718e-05
4.524274110450123823e-05
-9.785190206206168006e-06
-2.009694168387531573e-05
1.619541817079286607e-07
-1.541201278920724155e-05
4.458515827859873805e-05
4.615152598654208098e-05
-6.793044884385476000e-06
-6.088114776202713215e-06
1.309732594816788749e-05
4.158090660064778166e-06
-6.107417683597308203e-06
-3.149369239891022951e-06
2.502645214455481257e-05
2.696010341876549409e-05
2.785030985751618151e-06
-9.276724470112358587e-06
1.806006475208004433e-06
-6.474208737054005577e-06
-8.376519001961635629e-06
1.557608755955502947e-05
1.175786416561280296e-05
1.221743412694813864e-05
3.336719486081541833e-05
4.340917837696932387e-06
1.006266684257148383e-04
6.340748014209765526e-05
2.107462530827588086e-05
-5.059072432131672637e-05
-1.187947130292146493e-06
-9.513798764731578586e-06
-1.742752405885768802e-05
3.637283026396607443e-06
-4.008730569421919476e-06
-7.717223745101669326e-05
-1.011430314572105348e-05
1.834783526106691795e-05
-4.676216098965079655e-06
-1.336538278275174384e-05
1.128493321206144471e-04
1.264092436095335488e-04
2.160989581850718242e-05
1.264470789538332622e-05
-1.206333287733903501e-05
-9.751532056188967932e-06
-3.130598361073768548e-06
4.012254571301939250e-07
3.637448752151116954e-06
-1.912720148364025272e-06
-2.394653444831770491e-06
-3.356902642751890022e-07
1.813787927524166942e-05
1.558759587336818681e-05
-6.440381156718184871e-06
-8.840966995305794517e-06
2.687401698821369954e-05
2.580899755495715057e-05
-5.824875707743268859e-06
-4.743851621266480127e-06
-2.847793216244835752e-06
-9.501985397560213303e-06
-5.717101515114449779e-06
5.924805494180648655e-06
8.642408513652740432e-07
-7.366929132710071895e-06
-9.416241098359465062e-06
-1.380964671363671534e-06
-6.465595442393186516e-06
-2.069037068892075150e-07
2.742657568142274006e-05
2.904568220834477825e-05
-4.341385459216346969e-06
-7.589780902541561145e-05
-7.142926324362860644e-05
2.391256087166508393e-06
1.833377831293987815e-06
-7.041190359241992118e-07
-8.774802213214408516e-07
-2.247635992684600398e-06
2.116082776930297961e-05
-2.009056279067164238e-05
-3.880591811361747232e-05
-1.287728846098544448e-06
-5.004984656767623366e-06
-2.246103927673480482e-06
-1.724126647931961269e-06
-5.907429397996223178e-07
-1.184406761487343482e-06
-3.181268438997556634e-06
-4.061457266977313161e-06
2.397849029580158296e-06
1.738915089841043136e-06
-3.202836861714483652e-05
-3.006294165333549110e-05
1.046354931358596248e-05
1.196888777195794988e-05
1.269110850678721598e-06
1.368184650108843833e-06
-2.560055558504135160e-06
-2.989790774636496491e-06
-1.479088431903414866e-06
-3.397918332647115927e-08
1.526921684435846431e-05
1.716304733595522882e-05
6.231595076781281620e-05
5.847383190448285584e-05
3.408317899917260202e-07
-5.432858148494827241e-07
-8.177354487589643579e-07
-8.517260191432631052e-07
-7.499778653591461856e-07
9.378772904651972971e-06
1.856515348684892837e-05
5.635010474613502500e-06
-2.505858008113594047e-06
4.825299753097022800e-07
1.494609949679167999e-07
-2.145659006601170840e-06
-2.380646996504070929e-06
-2.644822462878687441e-07
-2.564861104664910739e-08
7.024425229723089124e-06
6.539732010461462817e-06
-9.101702962032047047e-07
-1.346907811585420081e-06
-1.373635286144647138e-06
3.888575786648678229e-07
-1.546416383642626806e-07
-1.504860565174489133e-07
-2.380631371850322294e-07
-6.274174859091163578e-07
1.403086401783121208e-06
8.587990897982256562e-07
-2.158473543363833598e-07
1.660946239774669039e-07
4.904770171932010823e-07
5.683642258640426017e-07
4.750137909011189658e-07
5.374402548836601691e-08
3.274826271424277085e-07
2.523644782426789191e-07
6.167179798193805579e-07
1.615603856333507629e-06
1.457391844217567051e-06
5.479091582122195028e-07
-1.661030349229625219e-07
-1.744211491799250530e-07
-8.609623750903919556e-07
-4.506414121866076621e-07
-2.147126791742801774e-07
2.316033827107740612e-07
-2.897457728012629655e-07
2.153793554448033875e-08
-1.844200678121071165e-07
-1.129852882298483473e-07
-2.256587705431478555e-08
-2.270614620075202025e-07
-1.595724195260537086e-07
-2.613398787920955401e-06
-2.761816285891975312e-06
-1.816237072228356360e-07
-3.072062170850970570e-07
5.796277701175363763e-07
4.498979033313196258e-07
2.250746364321566714e-08
-8.538618625834917238e-08
1.523308049010394540e-06
1.425182124759407266e-06
-7.748633794547098581e-07
-1.741562446347248480e-06
-1.504978419691086402e-08
-1.867998130995860227e-07
-2.316709291380903165e-07
2.499624906726869142e-07
2.250804628992958755e-08
2.387531558870903003e-07
-5.057428583276863610e-08
-2.423690473980641954e-07
-1.820707057562847538e-07
-7.480845966670242666e-07
-7.922402639485213182e-07
-5.988950742406913677e-08
3.901826305908632528e-08
8.758465401990539536e-08
1.992075678364814351e-08
-5.268592480569256625e-08
-2.036547809456324020e-07
-1.418257518960895343e-07
-5.452639114757973848e-08
-4.811701591087325286e-09
7.490200454103638493e-08
3.094367420870104773e-08
2.866369699004189733e-08
8.120075460913268758e-08
-3.455994461242067142e-08
1.054313093497148458e-07
1.262192068074815971e-07
2.360141442118368301e-07
2.085165087252030890e-07
1.624894450964193746e-08
6.034673553353690409e-08
9.390022588511398288e-08
-4.828025134497840960e-07
-5.340427802259724645e-07
-6.688854434973231818e-08
-2.574233866811271869e-09
2.791798711589687590e-08
-9.822403515159319659e-08
-2.926957462474204888e-07
-2.442250789235229306e-07
-1.541425318229459891e-08
-2.427446529203250512e-09
-3.650301102619075543e-09
-1.233106674902216033e-08
1.924246564920005999e-09
2.588855763418409148e-08
5.387216144398853134e-09
2.731637146387090038e-08
1.791980198491173005e-08
1.861329316427674293e-08
-2.070124262671121621e-08
-2.967853841572358744e-08
1.582546100310503995e-08
5.339305973623437664e-08
-2.040462182903629352e-09
-1.316745972305609026e-08
1.033527422154603593e-08
7.228416869657137420e-09
-3.830634462356204588e-09
-7.316663974194382608e-09
1.949190149237338248e-09
-1.889887882590659908e-08
-4.646274086775616455e-08
-1.877497706401829056e-08
2.737532417485477419e-08
-2.033220529658851586e-08
2.064123149707724864e-08
-6.041679699181569380e-09
-9.460211168122018757e-09
2.711383240008916674e-08
-1.333231977624851711e-07
-6.467012358093240402e-08
-5.547360297181420458e-08
-6.489637632915483442e-08
-8.044253521251243536e-08
-2.123990735589980585e-08
-2.590182952887646442e-08
-7.049951283238986942e-09
-2.658501064469505953e-08
4.460155854231383976e-08
6.600688620482765453e-08
6.570722473066114795e-09
-2.723544321418105970e-08
4.566561462280116707e-08
1.231741372739146616e-07
8.518237480167978055e-08
-2.437975171609489575e-08
-6.818468481310454289e-08
-6.099095268906825546e-08
1.015562911613807469e-08
6.066699703028913777e-09
6.015856244906325589e-09
2.073034466165397479e-08
1.849988324654471999e-09
-2.315689174447681619e-09
1.877558568296966968e-09
6.641463537203013403e-08
6.803427112811474174e-08
5.575372686119767856e-09
3.289456581915029822e-09
1.390577187256989083e-08
1.383121298638193199e-08
-4.523931447395611251e-09
-1.810999704260237986e-09
1.112726083895685154e-08
2.671019854524046087e-08
6.192738023674822135e-08
6.442493494061593485e-08
-1.817884970430291440e-08
-2.971366130732796672e-08
-3.607050644118624982e-08
6.600514182474606339e-10
-1.951305524502841060e-09
-1.342093068308336001e-08
-2.157573226041026549e-08
5.061688717910809084e-08
3.019296138355592938e-08
-1.496154989862520500e-08
5.870299347719102487e-09
8.524853226483548613e-09
5.191834980870272695e-09
-1.400267891467234435e-08
-6.624560817775137328e-09
-4.216411354194970477e-08
-2.393179763852717498e-08
1.124412113689222408e-08
-4.371446325362703295e-09
4.581135970975262201e-11
-1.352628150914623055e-09
-4.144296315664955267e-09
-6.975424266648182770e-09
6.642999145830218155e-09
3.298151882254761597e-08
3.555613347036643199e-08
1.523174689146387400e-08
1.695712999700554595e-08
3.239011358410412212e-09
1.158965773445692472e-08
1.062126607834879569e-08
2.605223442243237561e-09
3.526614698406600263e-09
1.021843432727774420e-07
9.946613842759067207e-08
-4.308243208806212147e-09
2.512389365847243765e-08
2.869417269170477392e-08
3.706331704469598149e-09
-3.282402028719268403e-10
-4.824923570629852027e-09
-4.918611432458848755e-09
-9.518724383693802380e-09
-2.741952268878097838e-09
2.798841722328526075e-10
-4.786910775214661852e-10
-1.145017804198073506e-08
-1.866100954839428663e-08
-1.192261856717396222e-08
-8.327717680207746895e-10
4.765163693366871811e-09
4.355287897014918493e-09
1.974135882316177906e-09
5.668427250144657542e-10
-1.235897991914203039e-09
-7.832585504465666835e-10
1.104808545068290030e-09
5.656571672459635029e-09
2.093312568106336907e-08
2.461272352472144038e-08
-6.179778113763751189e-09
-1.763726992900711788e-09
4.003593166722618269e-09
-1.429121020586218059e-09
1.175060123750156225e-08
1.227958612607331709e-08
1.605099437287435878e-09
-3.197901801883052309e-09
-3.653578854773957159e-10
-5.541055609249045920e-10
-7.763405634921656141e-10
-5.919468571346819682e-09
-4.564556394094310819e-09
2.237156627875912515e-09
6.868765201784593958e-09
7.095861501971785997e-09
3.724534443927278692e-09
5.652128184707981755e-09
2.612263541679672006e-09
-8.383227652232337431e-09
-6.804492725904339588e-09
-3.786747242731350473e-09
-8.853283176040514458e-10
-5.340021348963633215e-09
-3.848524316828120184e-09
-4.589645143460226192e-10
-2.783871125264798061e-09
-1.519069532171203093e-09
5.476251938484016314e-10
-3.541485478009214148e-09
3.323792852873189767e-09
1.728497575055543141e-09
6.580446802064368362e-09
7.222608835792687204e-09
-2.436253093760866043e-09
-2.182147973306509547e-09
6.278580121134198584e-10
-1.724325782201835262e-09
-3.299992748744692151e-09
1.128830938686748382e-09
-2.585547179077579342e-09
1.656564976058158028e-09
4.320576268707842672e-09
1.637027641164668973e-09
1.686660531589728980e-09
-8.288365317066979548e-11
-2.906805713185712351e-09
7.519173987240266764e-10
-4.527062902011314447e-09
-1.339825286360905358e-09
8.030131670919884042e-10
1.926349888941762818e-09
-6.024862168021831237e-09
-7.128696806377499466e-09
-5.572632500342981330e-09
-3.900573257539471806e-09
-1.912681359374339109e-09
2.797618143371884400e-09
3.481454384742531142e-09
2.542083898112727024e-10
2.019369037085401909e-09
1.494489563070439613e-09
8.895959932841811726e-10
6.009431486172302591e-10
6.532884757972793724e-09
1.796224689867299171e-09
-4.162646060234641483e-09
-9.352577634729834426e-10
-5.387677009270947067e-10
-1.833570987441271843e-09
-1.264733201390613468e-09
1.634476518346925384e-09
1.385119146924121249e-09
6.779108380721646008e-10
-3.455897907371141249e-10
2.172857409789559408e-11
2.211797157568671869e-10
-3.444318778048961191e-11
-8.867275711839817938e-10
-6.551507992927527218e-10
4.119327435362764225e-10
-5.410317995047919864e-10
-9.890064338424325122e-10
-5.295170248844637861e-10
2.597032069754858402e-09
2.549983576562401716e-09
1.628887761169745414e-10
-3.764169805136050427e-10
-2.123654737377232555e-10
-2.240445463527914099e-11
-7.758208856372772400e-10
2.431443804563576329e-10
-1.360444204997974364e-10
-3.043632356310257513e-10
-1.602081832570741632e-10
2.418284684679789319e-10
1.268613631291224609e-10
1.736427120329847277e-10
1.651579037234291184e-10
-1.221523068525000858e-09
-9.818972779863083860e-10
-1.006987961591964164e-10
-7.612889819213920272e-11
-4.732947017919340534e-10
-3.699052792575098944e-10
-5.129630075455879135e-11
1.940730889414907183e-11
4.922167527124505647e-11
1.177585931030736137e-11
1.712903132353455799e-11
-7.821408316985640647e-12
-3.080429572110921733e-11
-4.109086544328247672e-11
-1.577630519188724430e-11
1.308687635506806613e-11
-8.789804177644391763e-12
1.497470532508560132e-12
-8.726401864206384666e-13
-1.111153841741032508e-11
