CONFIG generated by ASE                                                 
         0         3        54
        0.0000000000        8.1450000000        8.1450000000
        8.1450000000        0.0000000000        8.1450000000
        8.1450000000        8.1450000000        0.0000000000
Si               1
        5.4300000000        5.4300000000        5.4300000000
Si               2
        6.7875000000        6.7875000000        6.7875000000
Si               3
        8.1450000000        8.1450000000        5.4300000000
Si               4
        9.5025000000        9.5025000000        6.7875000000
Si               5
        2.7150000000        2.7150000000        5.4300000000
Si               6
        4.0725000000        4.0725000000        6.7875000000
Si               7
        8.1450000000        5.4300000000        8.1450000000
Si               8
        9.5025000000        6.7875000000        9.5025000000
Si               9
       10.8600000000        8.1450000000        8.1450000000
Si              10
       12.2175000000        9.5025000000        9.5025000000
Si              11
        5.4300000000        2.7150000000        8.1450000000
Si              12
        6.7875000000        4.0725000000        9.5025000000
Si              13
        2.7150000000        5.4300000000        2.7150000000
Si              14
        4.0725000000        6.7875000000        4.0725000000
Si              15
        5.4300000000        8.1450000000        2.7150000000
Si              16
        6.7875000000        9.5025000000        4.0725000000
Si              17
        0.0000000000        2.7150000000        2.7150000000
Si              18
        1.3575000000        4.0725000000        4.0725000000
Si              19
        5.4300000000        8.1450000000        8.1450000000
Si              20
        6.7875000000        9.5025000000        9.5025000000
Si              21
        8.1450000000       10.8600000000        8.1450000000
Si              22
        9.5025000000       12.2175000000        9.5025000000
Si              23
        2.7150000000        5.4300000000        8.1450000000
Si              24
        4.0725000000        6.7875000000        9.5025000000
Si              25
        8.1450000000        8.1450000000       10.8600000000
Si              26
        9.5025000000        9.5025000000       12.2175000000
Si              27
       10.8600000000       10.8600000000       10.8600000000
Si              28
       12.2175000000       12.2175000000       12.2175000000
Si              29
        5.4300000000        5.4300000000       10.8600000000
Si              30
        6.7875000000        6.7875000000       12.2175000000
Si              31
        2.7150000000        8.1450000000        5.4300000000
Si              32
        4.0725000000        9.5025000000        6.7875000000
Si              33
        5.4300000000       10.8600000000        5.4300000000
Si              34
        6.7875000000       12.2175000000        6.7875000000
Si              35
        0.0000000000        5.4300000000        5.4300000000
Si              36
        1.3575000000        6.7875000000        6.7875000000
Si              37
        5.4300000000        2.7150000000        2.7150000000
Si              38
        6.7875000000        4.0725000000        4.0725000000
Si              39
        8.1450000000        5.4300000000        2.7150000000
Si              40
        9.5025000000        6.7875000000        4.0725000000
Si              41
        2.7150000000        0.0000000000        2.7150000000
Si              42
        4.0725000000        1.3575000000        4.0725000000
Si              43
        8.1450000000        2.7150000000        5.4300000000
Si              44
        9.5025000000        4.0725000000        6.7875000000
Si              45
       10.8600000000        5.4300000000        5.4300000000
Si              46
       12.2175000000        6.7875000000        6.7875000000
Si              47
        5.4300000000        0.0000000000        5.4300000000
Si              48
        6.7875000000        1.3575000000        6.7875000000
Si              49
        2.7150000000        2.7150000000        0.0000000000
Si              50
        4.0725000000        4.0725000000        1.3575000000
Si              51
        5.4300000000        5.4300000000        0.0000000000
Si              52
        6.7875000000        6.7875000000        1.3575000000
Si              53
        0.0000000000        0.0000000000        0.0000000000
Si              54
        1.3575000000        1.3575000000        1.3575000000
