Dynamical Matrix
9.98921329 0.00000000 0.00000000
-12.76994943 -0.00000000 0.00000000
-13.94453274 -0.00000000 0.00000000
0.05771739 0.00000000 0.00000000
-0.20065686 0.00000000 0.00000000
-0.28617788 -0.00000000 -0.00000000
0.74161430 -0.00000000 -0.00000000
0.03547773 0.64121059 -0.15392409
0.03547773 -0.64121059 0.15392409
0.71344905 0.00000000 0.00000000
0.02928770 0.13590980 -0.53930161
0.02928770 -0.13590980 0.53930161
-0.11793400 0.00000000 0.00000000
0.20606499 -0.00000000 -0.00000000
0.49921685 0.00000000 0.00000000
-0.08324351 0.00000000 -0.00000000
0.39738415 -0.00000000 0.00000000
0.07412331 -0.00000000 -0.00000000
-7.84681365 -0.00000000 -0.00000000
6.44637067 6.33901062 4.41731497
6.44637067 -6.33901062 -4.41731496
-0.03349516 -0.00000000 -0.00000000
0.01095251 0.04250404 0.03806035
0.01095251 -0.04250404 -0.03806035
-0.00000000 58.75257503 -5.48880232
0.00000000 -40.52937893 -23.54350791
0.00000000 -166.43155919 38.30960339
0.00000000 -0.15007419 0.00000042
0.00000000 0.64892863 -0.81231988
0.00000000 -0.48393460 0.49085210
-0.00000000 -6.30907059 2.49011483
0.55393672 2.11726740 -0.20311516
-0.55393672 2.11726740 -0.20311516
0.00000000 1.06513307 0.22342270
0.10903224 -0.73881861 -0.40296000
-0.10903224 -0.73881861 -0.40296000
-0.00000000 -0.87981349 0.00000000
-0.00000000 1.40685614 0.06496062
0.00000000 1.58898547 0.23002459
-0.00000000 0.06936478 -0.00000036
-0.00000000 -0.30800809 0.69962209
0.00000000 0.53711853 -0.23385955
0.00000000 -1.50072755 -2.26410065
6.17427354 -1.56037884 2.85590132
-6.17427354 -1.56037884 2.85590132
-0.00000000 -0.40955588 -0.03840220
0.04298680 0.70055223 0.16896158
-0.04298680 0.70055223 0.16896158
0.00000000 -5.46361411 64.49722245
-0.00000000 -2.39229573 -180.43154864
-0.00000000 17.45942828 -45.98509159
-0.00000000 -0.00000033 -0.55385903
0.00000000 -0.82527001 0.90038742
-0.00000000 0.50491531 2.10355798
-0.00000000 2.47129627 0.12332228
-0.11714364 -0.14215250 -0.83301263
0.11714364 -0.14215250 -0.83301263
0.00000000 0.21207921 -6.91259743
-0.45061524 -0.39079228 2.05411882
0.45061524 -0.39079228 2.05411883
0.00000000 0.00000000 0.32065073
0.00000000 0.06315071 -0.35591102
0.00000000 0.24614400 -0.80196105
-0.00000000 0.00000027 -0.63346642
-0.00000000 0.69883018 1.17974701
-0.00000000 -0.23877951 0.70081084
0.00000000 -2.28295515 0.12494538
4.39617491 3.01571484 -3.51028190
-4.39617491 3.01571484 -3.51028190
-0.00000000 -0.03953366 -0.21810917
0.03723909 0.16153317 0.62643298
-0.03723909 0.16153317 0.62643298
-12.71268549 0.00000000 0.00000000
68.55190447 0.00000000 -0.00000001
-0.85663006 0.00000000 0.00000001
-0.20140871 -0.00000000 -0.00000000
0.04107459 -0.00000000 0.00000000
1.85089835 0.00000000 0.00000000
-0.15987799 -0.00000000 0.00000000
0.10724648 -0.14732866 0.25415443
0.10724648 0.14732866 -0.25415443
-4.41275416 0.00000000 0.00000000
-1.50210317 -1.66067126 6.56694848
-1.50210317 1.66067126 -6.56694847
0.19649486 -0.00000000 0.00000000
-0.51418359 0.00000000 -0.00000000
-0.72950611 -0.00000000 0.00000000
0.45297535 -0.00000000 0.00000000
-0.21091446 -0.00000000 -0.00000000
-0.72360290 -0.00000000 0.00000000
0.76937268 0.00000000 -0.00000000
-0.27545805 0.21110063 -5.36405866
-0.27545805 -0.21110063 5.36405866
0.13357989 -0.00000000 0.00000000
-0.03511229 -0.20009934 -0.19050211
-0.03511229 0.20009934 0.19050211
0.00000000 -40.51683151 -2.51556198
-0.00000000 148.53166780 17.13539972
-0.00000000 25.71609095 -1.02461951
0.00000000 0.70217397 0.84232355
-0.00000000 -0.47411801 0.11284488
-0.00000000 0.06833493 -4.69852250
0.00000000 0.86549529 -0.84733897
-0.26587676 -2.97584724 1.16868126
0.26587676 -2.97584724 1.16868126
0.00000000 -5.44071398 -1.46781144
-1.70648393 2.36482201 4.65619422
1.70648393 2.36482201 4.65619422
0.00000000 1.53578289 0.06581182
-0.00000000 -3.92017432 0.06993282
0.00000000 -2.01141794 -1.51337874
0.00000000 -0.26959613 -0.74852694
-0.00000000 0.70630125 -0.05989649
-0.00000000 -1.71640485 1.47997672
0.00000000 -0.83402023 0.90362997
-0.02618413 4.28180878 -3.44820593
0.02618413 4.28180878 -3.44820593
0.00000000 1.32779017 0.08113360
-0.19908494 -2.36913306 -0.73525670
0.19908494 -2.36913306 -0.73525671
-0.00000000 -23.50093336 -180.49411887
0.00000000 19.08765283 692.55265391
0.00000000 82.76988126 -1.35690312
0.00000000 0.80090769 0.87579292
0.00000000 0.06146293 -2.06320477
0.00000000 -4.65053030 -4.26539331
-0.00000000 -0.81713610 0.61828233
0.33032390 1.14712674 -0.12771299
-0.33032390 1.14712674 -0.12771299
0.00000000 -1.48157156 11.13654731
6.38013904 3.68615134 -3.80624435
-6.38013904 3.68615135 -3.80624435
0.00000000 0.07136286 -0.34599931
-0.00000000 0.08014579 1.72345443
0.00000000 -1.44760597 0.04085937
0.00000000 -0.70371904 1.17701815
0.00000000 0.07659029 -3.35596107
0.00000000 1.58939979 -0.53630533
0.00000000 0.93552561 1.25718868
-5.31385891 -3.57797401 -6.85643272
5.31385891 -3.57797401 -6.85643272
0.00000000 0.07669077 -0.10772016
-0.17598549 -0.62943188 -0.23064328
0.17598549 -0.62943188 -0.23064327
-13.81358889 -0.00000000 0.00000000
-1.00340847 0.00000000 -0.00000000
72.88860934 0.00000000 -0.00000000
-0.27685233 -0.00000000 0.00000000
1.83081873 0.00000000 0.00000000
0.61554493 -0.00000000 0.00000000
-4.63715484 0.00000000 -0.00000000
-1.69001795 -7.26356624 0.86951884
-1.69001795 7.26356624 -0.86951884
-0.16849198 0.00000000 0.00000000
0.02657665 -0.19230706 -0.20386087
0.02657665 0.19230706 0.20386087
0.46542183 0.00000000 0.00000000
-0.68126216 0.00000000 0.00000000
-0.01789629 -0.00000000 -0.00000000
0.08612773 -0.00000000 -0.00000000
-0.63676830 -0.00000001 -0.00000000
-0.00298761 -0.00000001 -0.00000000
0.70774982 -0.00000000 0.00000000
0.84296593 -4.59641889 1.96055271
0.84296593 4.59641889 -1.96055271
0.09996653 -0.00000000 -0.00000000
-0.06108411 -0.17091789 -0.07015197
-0.06108411 0.17091788 0.07015197
-0.00000000 -166.42241479 17.33598549
0.00000000 25.70736696 82.65340484
0.00000000 614.49038192 -132.80646920
0.00000000 -0.47210254 -0.47741596
-0.00000000 -0.16100160 4.97373680
-0.00000000 2.33700072 0.16236646
0.00000000 10.34092924 -4.71975894
-7.05471089 -5.46023086 -1.18700728
7.05471089 -5.46023086 -1.18700727
0.00000000 -0.21928790 -0.48667169
-0.20736863 -0.16088613 -0.06035968
0.20736862 -0.16088613 -0.06035968
-0.00000000 1.66893227 0.22632095
-0.00000000 -2.05549739 -1.47493856
0.00000000 -3.68591268 0.36064745
0.00000000 0.56488344 0.24095477
0.00000000 -1.70258989 -1.51782448
0.00000000 -1.63915807 0.02206054
0.00000000 1.82755569 0.26207379
-4.86879076 -8.23815396 0.24862994
4.86879076 -8.23815396 0.24862994
-0.00000000 0.43631630 0.23299637
-0.17568769 -0.24557145 -0.15982632
0.17568769 -0.24557145 -0.15982632
-0.00000000 38.35280220 -46.05213911
-0.00000000 -0.90260088 -1.34998761
0.00000000 -133.79091629 189.83415271
0.00000000 -0.49712580 2.10545608
-0.00000000 4.70264211 -4.33767756
0.00000000 -0.00934372 -5.72834266
0.00000000 -4.62147924 -4.36140125
0.86318040 -2.42069050 4.96486886
-0.86318040 -2.42069050 4.96486886
0.00000000 -0.48672176 1.71250230
-0.08927896 0.11474654 -2.80887932
0.08927896 0.11474654 -2.80887932
0.00000000 0.20950568 -0.80621605
0.00000000 -1.50997933 0.04917236
0.00000000 0.29754222 1.04981788
0.00000000 0.23701210 0.70481786
0.00000000 -1.50742964 -0.42573649
-0.00000000 0.00535286 -0.98775595
0.00000000 0.35527059 -1.24913590
2.01209725 0.29114210 5.01057082
-2.01209725 0.29114211 5.01057082
0.00000000 0.22056969 0.82527031
-0.07672452 -0.16778003 -2.34074160
0.07672452 -0.16778003 -2.34074160
0.05771739 0.00000000 0.00000000
-0.20065679 0.00000000 -0.00000000
-0.28617876 -0.00000000 0.00000000
9.98921235 -0.00000000 0.00000000
-12.76994811 0.00000000 0.00000000
-13.94453354 -0.00000000 0.00000000
0.71344939 -0.00000000 0.00000000
0.02928806 0.13590977 0.53930093
0.02928806 -0.13590977 -0.53930093
0.74161420 -0.00000000 0.00000000
0.03547709 0.64121119 0.15392368
0.03547709 -0.64121119 -0.15392368
-0.08324351 -0.00000000 0.00000000
0.39738402 0.00000000 -0.00000000
0.07412376 -0.00000000 -0.00000000
-0.11793416 0.00000000 0.00000000
0.20606452 0.00000000 0.00000000
0.49921675 0.00000000 0.00000000
-0.03349520 0.00000000 -0.00000000
0.01095246 0.04250402 -0.03806021
0.01095246 -0.04250402 0.03806021
-7.84681342 0.00000000 0.00000000
6.44637263 6.33901144 -4.41731373
6.44637263 -6.33901144 4.41731373
0.00000000 -0.15007419 0.00000042
0.00000000 0.64892856 0.81232155
0.00000000 -0.48393474 -0.49085170
-0.00000000 58.75257529 5.48880180
-0.00000000 -40.52937477 23.54350870
0.00000000 -166.43155916 -38.30960065
-0.00000000 1.06513324 -0.22342220
0.10903221 -0.73881809 0.40295939
-0.10903221 -0.73881809 0.40295939
-0.00000000 -6.30907031 -2.49011635
0.55393732 2.11727342 0.20311059
-0.55393732 2.11727342 0.20311059
0.00000000 0.06936478 -0.00000036
-0.00000000 -0.30800814 -0.69962363
-0.00000000 0.53711906 0.23385873
0.00000000 -0.87981466 0.00000000
-0.00000000 1.40685293 -0.06496133
0.00000000 1.58898470 -0.23002659
-0.00000000 -0.40955577 0.03840187
0.04298678 0.70055203 -0.16896127
-0.04298678 0.70055203 -0.16896127
0.00000000 -1.50072770 2.26410217
6.17427436 -1.56038445 -2.85589625
-6.17427436 -1.56038445 -2.85589625
0.00000000 -0.00000039 -0.55386035
-0.00000000 0.82526839 0.90046340
0.00000000 -0.50491468 2.10357280
-0.00000000 5.46361344 64.49715825
0.00000000 2.39228665 -180.43149278
0.00000000 -17.45944225 -45.98533117
-0.00000000 -0.21207960 -6.91262517
0.45061502 0.39078962 2.05402580
-0.45061502 0.39078963 2.05402580
0.00000000 -2.47129026 0.12334349
0.11714525 0.14216924 -0.83296702
-0.11714525 0.14216924 -0.83296702
0.00000000 0.00000032 -0.63346634
0.00000000 -0.69882934 1.17984807
0.00000000 0.23877967 0.70081135
0.00000000 0.00000000 0.32062258
0.00000000 -0.06314543 -0.35589159
0.00000000 -0.24613507 -0.80204196
0.00000000 0.03953407 -0.21811399
-0.03723892 -0.16153054 0.62641699
0.03723892 -0.16153053 0.62641699
0.00000000 2.28294916 0.12498085
-4.39617993 -3.01573369 -3.51018005
4.39617993 -3.01573369 -3.51018005
-0.20140877 0.00000000 0.00000000
0.04107459 0.00000000 0.00000000
1.85089589 0.00000000 0.00000000
-12.71268417 -0.00000000 -0.00000000
68.55190687 -0.00000000 -0.00000000
-0.85663812 -0.00000000 0.00000001
-4.41275208 -0.00000000 -0.00000000
-1.50210178 -1.66067117 -6.56695451
-1.50210178 1.66067117 6.56695451
-0.15987705 0.00000000 -0.00000000
0.10724704 -0.14732842 -0.25415601
0.10724704 0.14732842 0.25415601
0.45297548 -0.00000000 0.00000000
-0.21091446 -0.00000000 0.00000000
-0.72360129 0.00000000 -0.00000001
0.19649439 0.00000000 0.00000000
-0.51418575 -0.00000000 0.00000000
-0.72950358 0.00000000 0.00000000
0.13357951 0.00000000 0.00000000
-0.03511262 -0.20009930 0.19050341
-0.03511262 0.20009930 -0.19050341
0.76937043 0.00000000 0.00000000
-0.27545920 0.21110097 5.36406432
-0.27545920 -0.21110097 -5.36406432
0.00000000 0.70217403 -0.84232188
0.00000000 -0.47411801 -0.11284526
-0.00000000 0.06833365 4.69850779
-0.00000000 -40.51682733 2.51556278
0.00000000 148.53167482 -17.13539544
-0.00000000 25.71608023 1.02462384
0.00000000 -5.44070974 1.46781122
-1.70648384 2.36482745 -4.65620398
1.70648383 2.36482744 -4.65620398
-0.00000000 0.86549176 0.84733308
-0.26587652 -2.97584951 -1.16869656
0.26587652 -2.97584951 -1.16869656
0.00000000 -0.26959608 0.74852540
0.00000000 0.70630126 0.05989691
0.00000000 -1.71640229 -1.47996655
0.00000000 1.53577968 -0.06581253
-0.00000000 -3.92018929 -0.06993390
0.00000000 -2.01140871 1.51337657
0.00000000 1.32778759 -0.08113353
-0.19908490 -2.36913759 0.73526319
0.19908490 -2.36913759 0.73526319
-0.00000000 -0.83401762 -0.90362394
-0.02618379 4.28181065 3.44822371
0.02618379 4.28181065 3.44822370
0.00000000 -0.80090919 0.87586260
-0.00000000 -0.06146284 -2.06312031
0.00000000 4.65056632 -4.26532217
0.00000000 23.50092560 -180.49415017
0.00000000 -19.08766274 692.55213245
-0.00000000 -82.76996575 -1.35687126
0.00000000 1.48157629 11.13654388
-6.38012216 -3.68612387 -3.80632231
6.38012216 -3.68612387 -3.80632231
0.00000000 0.81714800 0.61827199
-0.33031931 -1.14708917 -0.12780075
0.33031931 -1.14708917 -0.12780075
0.00000000 0.70372098 1.17711255
-0.00000000 -0.07659051 -3.35579835
-0.00000000 -1.58942404 -0.53620852
-0.00000000 -0.07135834 -0.34600189
0.00000000 -0.08013829 1.72322032
-0.00000000 1.44766049 0.04089858
-0.00000000 -0.07669347 -0.10773065
0.17598207 0.62941475 -0.23068722
-0.17598207 0.62941475 -0.23068721
0.00000000 -0.93553776 1.25717245
5.31384202 3.57792906 -6.85664049
-5.31384202 3.57792906 -6.85664049
-0.27685145 -0.00000000 0.00000000
1.83082119 -0.00000000 0.00000000
0.61554493 -0.00000000 -0.00000000
-13.81358969 -0.00000000 -0.00000000
-1.00341652 0.00000001 -0.00000000
72.88861596 0.00000000 -0.00000000
-0.16849274 0.00000000 0.00000000
0.02657605 -0.19230701 0.20386022
0.02657604 0.19230700 -0.20386022
-4.63715482 0.00000000 0.00000000
-1.69001723 -7.26356688 -0.86951165
-1.69001723 7.26356689 0.86951165
0.08612728 0.00000000 -0.00000000
-0.63676991 -0.00000000 0.00000000
-0.00298760 -0.00000000 0.00000000
0.46542173 0.00000000 0.00000000
-0.68125963 0.00000000 0.00000000
-0.01789592 -0.00000000 0.00000000
0.09996684 -0.00000000 -0.00000000
-0.06108384 -0.17091783 0.07015215
-0.06108384 0.17091783 -0.07015215
0.70774992 -0.00000000 0.00000000
0.84296598 -4.59641943 -1.96056090
0.84296598 4.59641943 1.96056090
0.00000000 -0.47210240 0.47741636
-0.00000000 -0.16100031 -4.97375150
-0.00000000 2.33700072 -0.16235937
0.00000000 -166.42241477 -17.33598276
0.00000000 25.70735625 -82.65340055
0.00000000 614.49039055 132.80645998
0.00000000 -0.21928844 0.48667392
-0.20736857 -0.16088628 0.06036002
0.20736857 -0.16088628 0.06036003
0.00000000 10.34092945 4.71975759
-7.05471154 -5.46022888 1.18705116
7.05471154 -5.46022887 1.18705116
-0.00000000 0.56488291 -0.24095559
0.00000000 -1.70259244 1.51783466
0.00000000 -1.63915809 -0.02206424
0.00000000 1.66893150 -0.22632294
0.00000000 -2.05548817 1.47493639
0.00000000 -3.68591017 -0.36065050
0.00000000 0.43631702 -0.23299722
-0.17568763 -0.24557097 0.15982659
0.17568764 -0.24557097 0.15982659
0.00000000 1.82755550 -0.26207250
-4.86879130 -8.23815860 -0.24867208
4.86879131 -8.23815859 -0.24867208
0.00000000 0.49711997 2.10545773
0.00000000 -4.70270958 -4.33804367
0.00000000 0.00933373 -5.72835745
0.00000000 -38.35281016 -46.05186082
-0.00000000 0.90275722 -1.34953593
0.00000000 133.79088778 189.83460093
-0.00000000 0.48672034 1.71251961
0.08927180 -0.11476620 -2.80885169
-0.08927180 -0.11476620 -2.80885169
-0.00000000 4.62144057 -4.36143760
-0.86318845 2.42061035 4.96479782
0.86318845 2.42061036 4.96479782
-0.00000000 -0.23700868 0.70483771
-0.00000000 1.50748980 -0.42589722
0.00000000 -0.00534848 -0.98772208
-0.00000000 -0.20950097 -0.80612870
-0.00000000 1.50987079 0.04927712
-0.00000000 -0.29753180 1.04991078
0.00000000 -0.22056984 0.82528176
0.07672833 0.16779219 -2.34070732
-0.07672833 0.16779219 -2.34070732
0.00000000 -0.35524032 -1.24914304
-2.01208981 -0.29107170 5.01054961
2.01208981 -0.29107171 5.01054961
0.74161430 0.00000000 0.00000000
-0.15446448 -0.00000000 -0.00000000
-4.64458263 0.00000000 -0.00000000
0.71344939 -0.00000000 0.00000000
-4.39584758 0.00000000 0.00000000
-0.18065602 0.00000000 -0.00000000
65.74619219 0.00000000 0.00000000
-114.39395569 -47.06276326 -33.88549712
-114.39395569 47.06276327 33.88549712
0.03696818 -0.00000000 -0.00000000
-0.00812960 0.03256636 0.01991281
-0.00812961 -0.03256636 -0.01991281
-7.84681126 0.00000000 -0.00000000
0.89451100 0.00000000 0.00000000
0.99106802 0.00000000 -0.00000000
-0.03349522 -0.00000000 0.00000000
0.14181614 -0.00000000 0.00000000
0.10332467 -0.00000000 -0.00000000
-0.11793406 0.00000000 -0.00000000
0.11839191 0.17163003 -0.02325810
0.11839191 -0.17163003 0.02325810
-0.11085644 -0.00000000 0.00000000
0.06891115 0.07118058 -0.14174266
0.06891115 -0.07118058 0.14174266
0.00000000 -6.30911356 2.49012145
0.00000000 0.84143596 -0.83265694
-0.00000000 10.31106547 -4.70731061
0.00000000 1.06514030 -0.22342299
0.00000000 -5.45013437 1.34105959
0.00000000 -0.17814822 0.58271597
-0.00000000 40.90644345 20.97772088
-64.19038798 -71.21429729 -40.31210364
64.19038801 -71.21429730 -40.31210365
0.00000000 -0.29723649 -0.00000044
0.03206921 0.72248474 0.08152506
-0.03206921 0.72248474 0.08152506
0.00000000 -1.50069340 -2.26410057
-0.00000000 -0.85459093 0.95121295
0.00000000 1.83988638 0.22245548
-0.00000000 -0.40955537 0.03840200
0.00000000 1.31870969 -0.08010716
0.00000000 0.41284337 -0.20287797
0.00000000 -0.87981138 -0.00000000
0.17850969 1.85486300 -0.07358008
-0.17850969 1.85486300 -0.07358008
0.00000000 0.25505702 0.00000050
0.08829370 -0.81648444 -0.13960143
-0.08829370 -0.81648444 -0.13960143
-0.00000000 2.47130192 0.12335275
-0.00000000 -0.81726093 0.61958120
0.00000000 -4.53088857 -4.38833819
-0.00000000 -0.21207978 -6.91259907
0.00000000 1.47334763 11.06004991
0.00000000 0.50704361 1.76749880
-0.00000000 20.95241061 26.52849050
-46.19862960 -40.11865918 -44.33737518
46.19862958 -40.11865916 -44.33737517
-0.00000000 0.00000036 -0.40334642
0.01419545 0.08976011 0.62173278
-0.01419546 0.08976011 0.62173278
0.00000000 -2.28295930 0.12499048
0.00000000 0.97246686 1.29024653
0.00000000 0.27147798 -1.25612710
0.00000000 0.03953390 -0.21810587
0.00000000 -0.07395565 -0.11527426
-0.00000000 -0.21717661 0.82437047
0.00000000 0.00000000 0.32063860
-0.01390723 -0.08275714 -0.70407050
0.01390723 -0.08275714 -0.70407050
0.00000000 -0.00000042 -0.81645624
-0.15925067 -0.15756774 2.11553973
0.15925067 -0.15756774 2.11553973
-0.00614905 0.50440284 -0.12401090
-0.00032510 -0.48102033 0.33066718
-1.76327383 -7.59724569 0.94603461
0.01026202 0.11094251 0.40642025
-1.64902344 -1.72575882 -6.85379712
-0.06244835 -0.25739432 -0.08299806
-114.12869965 -64.17005456 -46.20275403
470.30920267 205.69310995 148.40793072
-38.76172628 34.09045845 24.54515671
-0.00517085 0.03816384 -0.02471293
-0.15938335 0.00227710 -0.00150554
0.15657766 -0.02092653 -0.03194009
6.06758571 6.28902717 4.38239724
-0.33201097 -0.05969120 -5.55273595
0.03928910 -4.86720664 1.77185970
0.01603512 0.04081926 -0.03782223
-0.07030116 -0.21652322 0.21758787
-0.08655081 -0.18734096 0.09723988
0.06015167 0.15179596 -0.02128104
-0.54415363 0.32359886 -0.03443790
0.75060320 0.06128548 0.00110913
0.11584846 0.07632423 0.18010181
0.88822550 0.01603543 0.09651176
-0.98116730 -0.00559146 0.31314972
0.56009651 2.19411306 -0.22629636
-0.22038648 -2.56329295 0.97802955
-7.00920778 -5.22157861 -1.25129144
0.12796839 -0.72963074 0.39977324
-1.74419568 2.36557868 -4.39738613
-0.24507685 -0.26133381 -0.12458235
-47.05347139 -71.42798120 -40.35475859
207.26225057 255.08497758 131.49179643
-34.02671422 39.67254443 25.10662084
0.03367150 0.72870725 -0.08900782
0.02058219 -1.41769631 -0.00207445
0.00174303 -1.60103574 -0.00207420
6.20678141 -1.43362918 2.94427398
1.26506022 4.73925630 -3.25283058
-3.57753441 -7.43381574 0.71862156
0.04249842 0.69762891 -0.16963089
-0.20032123 -2.34377208 0.73701568
-0.17692332 -0.25779058 0.18929419
0.18190169 1.98098563 -0.07355979
0.23298328 -3.25242499 -0.10649454
-0.03984731 -4.85209711 -0.10649454
0.07317987 -0.83518739 0.15173937
0.10924818 2.10080085 0.14919914
0.04026205 1.71876868 0.14919953
-0.13722312 -0.23414151 -0.81106808
0.41716092 1.27390846 -0.16698334
0.95001200 -0.99393612 4.54376225
0.46719427 0.39590697 2.08266358
-6.33617256 -3.61734302 -3.40569945
0.13323197 0.03975106 -2.29152783
-33.83710680 -40.37796591 -44.29423612
148.27968536 130.00125934 167.10381063
-24.51360791 25.25444776 22.52951728
-0.01394665 -0.08598254 0.62593933
-0.00487207 0.00472977 -1.10193989
-0.02656764 0.00472951 -1.24991043
4.42865584 2.98861608 -3.52946435
-5.71147523 -4.04080448 -7.19377637
1.61449473 0.06851335 4.75325636
-0.03507621 -0.15879461 0.62697468
0.17503506 0.69483170 -0.23323496
0.07577767 0.16044432 -2.33115718
-0.02661871 -0.08348231 -0.70386344
-0.02040266 -0.09773341 1.20846614
0.00084995 -0.09773341 1.47545659
0.16101303 0.15709658 2.11057673
-0.06253690 -0.02600867 -5.45186200
0.18085472 -0.02600909 -3.14434570
-0.00614905 -0.50440284 0.12401090
-0.00032510 0.48102033 -0.33066719
-1.76327383 7.59724568 -0.94603461
0.01026202 -0.11094251 -0.40642025
-1.64902345 1.72575882 6.85379712
-0.06244835 0.25739431 0.08299806
-114.12869965 64.17005456 46.20275402
-38.76172628 -34.09045847 -24.54515671
470.30920268 -205.69310996 -148.40793072
-0.00517085 -0.03816384 0.02471293
0.15657766 0.02092653 0.03194009
-0.15938335 -0.00227710 0.00150554
6.06758571 -6.28902717 -4.38239724
-0.33201097 0.05969120 5.55273595
0.03928909 4.86720665 -1.77185969
0.01603512 -0.04081926 0.03782223
-0.07030117 0.21652322 -0.21758787
-0.08655081 0.18734096 -0.09723988
0.06015167 -0.15179596 0.02128104
0.75060320 -0.06128548 -0.00110913
-0.54415364 -0.32359887 0.03443790
0.11584846 -0.07632423 -0.18010181
-0.98116731 0.00559146 -0.31314973
0.88822550 -0.01603544 -0.09651176
-0.56009651 2.19411306 -0.22629636
0.22038648 -2.56329295 0.97802955
7.00920778 -5.22157861 -1.25129144
-0.12796839 -0.72963074 0.39977324
1.74419568 2.36557868 -4.39738613
0.24507685 -0.26133380 -0.12458235
47.05347138 -71.42798121 -40.35475859
34.02671423 39.67254444 25.10662084
-207.26225069 255.08497762 131.49179646
-0.03367149 0.72870724 -0.08900782
-0.00174302 -1.60103575 -0.00207420
-0.02058219 -1.41769631 -0.00207444
-6.20678141 -1.43362918 2.94427398
-1.26506022 4.73925630 -3.25283058
3.57753441 -7.43381574 0.71862155
-0.04249842 0.69762891 -0.16963089
0.20032122 -2.34377208 0.73701568
0.17692331 -0.25779057 0.18929419
-0.18190168 1.98098563 -0.07355979
0.03984731 -4.85209711 -0.10649454
-0.23298329 -3.25242499 -0.10649454
-0.07317987 -0.83518739 0.15173937
-0.04026205 1.71876867 0.14919953
-0.10924818 2.10080085 0.14919914
0.13722313 -0.23414151 -0.81106808
-0.41716092 1.27390847 -0.16698334
-0.95001200 -0.99393612 4.54376225
-0.46719426 0.39590697 2.08266358
6.33617255 -3.61734302 -3.40569945
-0.13323197 0.03975106 -2.29152782
33.83710680 -40.37796591 -44.29423612
24.51360791 25.25444778 22.52951729
-148.27968528 130.00125928 167.10381059
0.01394665 -0.08598254 0.62593933
0.02656764 0.00472951 -1.24991043
0.00487207 0.00472977 -1.10193989
-4.42865584 2.98861608 -3.52946435
5.71147522 -4.04080448 -7.19377637
-1.61449472 0.06851336 4.75325637
0.03507621 -0.15879461 0.62697468
-0.17503506 0.69483170 -0.23323496
-0.07577767 0.16044432 -2.33115718
0.02661871 -0.08348231 -0.70386345
-0.00084994 -0.09773341 1.47545659
0.02040265 -0.09773341 1.20846613
-0.16101303 0.15709658 2.11057673
-0.18085471 -0.02600909 -3.14434570
0.06253690 -0.02600866 -5.45186200
0.71344905 -0.00000000 0.00000000
-4.39584967 0.00000000 0.00000000
-0.18065526 0.00000000 0.00000000
0.74161420 0.00000000 -0.00000000
-0.15446354 0.00000000 0.00000000
-4.64458262 0.00000000 0.00000000
0.03696818 0.00000000 0.00000000
-0.00812961 0.03256637 -0.01991280
-0.00812961 -0.03256637 0.01991280
65.74619254 0.00000000 0.00000000
-114.39395454 -47.06276342 33.88549167
-114.39395454 47.06276341 -33.88549167
-0.03349518 0.00000000 0.00000000
0.14181651 0.00000000 -0.00000000
0.10332435 0.00000000 0.00000000
-7.84681103 -0.00000000 0.00000000
0.89450875 0.00000000 0.00000000
0.99106812 -0.00000000 -0.00000000
-0.11085644 0.00000000 -0.00000000
0.06891119 0.07118060 0.14174261
0.06891119 -0.07118060 -0.14174261
-0.11793410 0.00000000 0.00000000
0.11839171 0.17162993 0.02325915
0.11839171 -0.17162993 -0.02325915
0.00000000 1.06514012 0.22342350
0.00000000 -5.45013861 -1.34105982
-0.00000000 -0.17814768 -0.58271374
0.00000000 -6.30911328 -2.49012297
0.00000000 0.84143242 0.83265106
0.00000000 10.31106568 4.70730926
0.00000000 -0.29723649 -0.00000044
0.03206922 0.72248479 -0.08152567
-0.03206922 0.72248479 -0.08152567
-0.00000000 40.90644390 -20.97772062
-64.19038813 -71.21429315 40.31209788
64.19038812 -71.21429315 40.31209788
-0.00000000 -0.40955548 -0.03840233
0.00000000 1.31871227 0.08010723
0.00000000 0.41284265 0.20287711
0.00000000 -1.50069355 2.26410209
0.00000000 -0.85458832 -0.95120693
0.00000000 1.83988620 -0.22245418
0.00000000 0.25505702 0.00000050
0.08829371 -0.81648451 0.13960209
-0.08829371 -0.81648451 0.13960209
-0.00000000 -0.87981165 0.00000000
0.17850959 1.85486019 0.07358407
-0.17850959 1.85486019 0.07358407
0.00000000 0.21207896 -6.91262525
-0.00000000 -1.47335764 11.06022920
-0.00000000 -0.50704624 1.76743951
0.00000000 -2.47128597 0.12331561
0.00000000 0.81723499 0.61948055
0.00000000 4.53094847 -4.38833224
0.00000000 0.00000037 -0.40334745
-0.01419481 -0.08975759 0.62173870
0.01419481 -0.08975759 0.62173870
-0.00000000 -20.95241066 26.52845119
46.19863614 40.11866644 -44.33745341
-46.19863613 40.11866643 -44.33745341
-0.00000000 -0.03953375 -0.21811839
-0.00000000 0.07396204 -0.11525462
0.00000000 0.21717667 0.82434302
-0.00000000 2.28294341 0.12493339
0.00000000 -0.97244020 1.29006183
0.00000000 -0.27152854 -1.25614997
0.00000000 -0.00000043 -0.81645546
0.15924723 0.15756377 2.11557107
-0.15924723 0.15756377 2.11557107
0.00000000 0.00000000 0.32063235
0.01390595 0.08275220 -0.70408663
-0.01390595 0.08275220 -0.70408663
0.01026166 0.11094255 -0.40642093
-1.64902483 -1.72575891 6.85379109
-0.06244775 -0.25739437 0.08299741
-0.00614969 0.50440344 0.12401049
-0.00032454 -0.48102009 -0.33066877
-1.76327310 -7.59724633 -0.94602742
-0.00517085 0.03816383 0.02471294
-0.15938335 0.00227710 0.00150630
0.15657766 -0.02092654 0.03194009
-114.12869851 -64.17005471 46.20274858
470.30919451 205.69310617 -148.40790939
-38.76172467 34.09045846 -24.54515671
0.01603517 0.04081928 0.03782237
-0.07030083 -0.21652326 -0.21758657
-0.08655109 -0.18734101 -0.09723969
6.06758767 6.28902799 -4.38239601
-0.33201212 -0.05969085 5.55274159
0.03928916 -4.86720718 -1.77186789
0.11584843 0.07632422 -0.18010186
0.88822550 0.01603542 -0.09651679
-0.98116730 -0.00559148 -0.31314972
0.06015147 0.15179586 0.02128209
-0.54415390 0.32359871 0.03443951
0.75060291 0.06128547 -0.00110912
0.12796843 -0.72963126 -0.39977385
-1.74419576 2.36557325 4.39737638
-0.24507691 -0.26133366 0.12458269
0.56009712 2.19411909 0.22629179
-0.22038624 -2.56329522 -0.97804486
-7.00920843 -5.22157664 1.25133531
0.03367149 0.72870720 0.08900721
0.02058219 -1.41769631 0.00207558
0.00174301 -1.60103574 0.00207583
-47.05347154 -71.42797706 40.35475283
207.26224677 255.08497821 -131.49179255
-34.02671422 39.67255031 -25.10662978
0.04249844 0.69762911 0.16963119
-0.20032126 -2.34376755 -0.73700920
-0.17692337 -0.25779106 -0.18929392
6.20678223 -1.43363479 -2.94426891
1.26506057 4.73925817 3.25284835
-3.57753495 -7.43382038 -0.71866370
0.07317986 -0.83518732 -0.15173870
0.10924817 2.10080085 -0.14920224
0.04026203 1.71876867 -0.14920185
0.18190158 1.98098283 0.07356377
0.23298313 -3.25242901 0.10650063
-0.03984731 -4.85210111 0.10650064
-0.46719050 -0.39590256 2.08263512
6.33618864 3.61737543 -3.40613247
-0.13322096 -0.03972963 -2.29150307
0.13721936 0.23412630 -0.81100957
-0.41715345 -1.27386440 -0.16685408
-0.95002700 0.99388320 4.54392541
0.01394592 0.08598089 0.62595060
0.00487129 -0.00473062 -1.10192544
0.02656660 -0.00473088 -1.24989606
33.83711494 40.37797490 -44.29424188
-148.27964933 -130.00123870 167.10380170
24.51364112 -25.25443535 22.52948542
0.03507546 0.15879209 0.62698774
-0.17503959 -0.69485899 -0.23334716
-0.07578252 -0.16045859 -2.33110851
-4.42864390 -2.98859575 -3.52931922
5.71145032 4.04075125 -7.19332367
-1.61447087 -0.06845166 4.75348400
-0.16100918 -0.15709350 2.11060923
0.06254245 0.02601172 -5.45181472
-0.18084915 0.02601129 -3.14429796
0.02661712 0.08347624 -0.70385899
0.02040045 0.09772500 1.20846352
-0.00085582 0.09772500 1.47545418
0.01026166 -0.11094255 0.40642093
-1.64902483 1.72575891 -6.85379109
-0.06244775 0.25739437 -0.08299741
-0.00614969 -0.50440344 -0.12401049
-0.00032455 0.48102009 0.33066877
-1.76327311 7.59724633 0.94602742
-0.00517085 -0.03816383 -0.02471294
0.15657766 0.02092654 -0.03194009
-0.15938335 -0.00227710 -0.00150630
-114.12869851 64.17005471 -46.20274858
-38.76172468 -34.09045845 24.54515670
470.30919449 -205.69310616 148.40790937
0.01603517 -0.04081928 -0.03782237
-0.07030083 0.21652326 0.21758657
-0.08655109 0.18734101 0.09723969
6.06758767 -6.28902799 4.38239601
-0.33201212 0.05969085 -5.55274159
0.03928916 4.86720718 1.77186789
0.11584843 -0.07632422 0.18010186
-0.98116730 0.00559148 0.31314973
0.88822550 -0.01603543 0.09651679
0.06015147 -0.15179586 -0.02128209
0.75060291 -0.06128547 0.00110912
-0.54415390 -0.32359871 -0.03443951
-0.12796843 -0.72963126 -0.39977385
1.74419576 2.36557326 4.39737638
0.24507691 -0.26133366 0.12458269
-0.56009712 2.19411909 0.22629179
0.22038623 -2.56329522 -0.97804486
7.00920843 -5.22157664 1.25133532
-0.03367149 0.72870720 0.08900721
-0.00174302 -1.60103574 0.00207583
-0.02058220 -1.41769632 0.00207558
47.05347155 -71.42797706 40.35475283
34.02671423 39.67255031 -25.10662978
-207.26224674 255.08497821 -131.49179255
-0.04249844 0.69762911 0.16963119
0.20032127 -2.34376755 -0.73700920
0.17692337 -0.25779106 -0.18929392
-6.20678223 -1.43363479 -2.94426891
-1.26506056 4.73925816 3.25284835
3.57753496 -7.43382038 -0.71866370
-0.07317986 -0.83518732 -0.15173870
-0.04026203 1.71876868 -0.14920185
-0.10924818 2.10080085 -0.14920224
-0.18190159 1.98098283 0.07356377
0.03984730 -4.85210111 0.10650064
-0.23298313 -3.25242901 0.10650064
0.46719050 -0.39590256 2.08263512
-6.33618864 3.61737543 -3.40613247
0.13322096 -0.03972963 -2.29150307
-0.13721936 0.23412630 -0.81100958
0.41715345 -1.27386440 -0.16685409
0.95002700 0.99388320 4.54392540
-0.01394592 0.08598089 0.62595060
-0.02656660 -0.00473088 -1.24989605
-0.00487129 -0.00473062 -1.10192544
-33.83711494 40.37797490 -44.29424188
-24.51364112 -25.25443534 22.52948541
148.27964929 -130.00123869 167.10380169
-0.03507546 0.15879209 0.62698774
0.17503960 -0.69485899 -0.23334716
0.07578252 -0.16045859 -2.33110851
4.42864390 -2.98859575 -3.52931922
-5.71145032 4.04075125 -7.19332367
1.61447087 -0.06845166 4.75348400
0.16100918 -0.15709350 2.11060923
0.18084915 0.02601130 -3.14429795
-0.06254246 0.02601173 -5.45181472
-0.02661712 0.08347624 -0.70385899
0.00085583 0.09772500 1.47545418
-0.02040046 0.09772500 1.20846352
-0.11793400 0.00000000 0.00000000
0.20606559 -0.00000000 0.00000000
0.49921742 0.00000000 -0.00000000
-0.08324351 0.00000000 0.00000000
0.39738306 0.00000000 -0.00000000
0.07412311 0.00000000 -0.00000000
-7.84681126 -0.00000000 -0.00000000
6.44637151 6.33901333 4.41731464
6.44637151 -6.33901333 -4.41731464
-0.03349518 -0.00000000 0.00000000
0.01095235 0.04250347 0.03806022
0.01095235 -0.04250347 -0.03806023
9.98921223 0.00000000 0.00000000
-12.76994851 -0.00000000 -0.00000000
-13.94453924 -0.00000000 -0.00000000
0.05771736 0.00000000 -0.00000000
-0.20065701 0.00000000 -0.00000000
-0.28617834 -0.00000000 -0.00000000
0.74161420 -0.00000000 -0.00000000
0.03547835 0.64121176 -0.15392385
0.03547835 -0.64121176 0.15392385
0.71344873 -0.00000000 -0.00000000
0.02928785 0.13590988 -0.53930128
0.02928785 -0.13590988 0.53930128
0.00000000 -0.87980535 0.00000000
0.00000000 1.40690711 0.06496430
0.00000000 1.58886725 0.23002919
0.00000000 0.06934417 -0.00000036
-0.00000000 -0.30802696 0.69956982
-0.00000000 0.53704175 -0.23385960
-0.00000000 -1.50069668 -2.26410494
6.17424789 -1.56015320 2.85584996
-6.17424789 -1.56015319 2.85584996
0.00000000 -0.40956161 -0.03839930
0.04298907 0.70051443 0.16897171
-0.04298907 0.70051443 0.16897171
-0.00000000 58.75251906 -5.48880127
-0.00000000 -40.52984075 -23.54354299
-0.00000000 -166.43169919 38.30957324
-0.00000000 -0.15006609 0.00000042
0.00000000 0.64903871 -0.81232199
0.00000000 -0.48394440 0.49087863
-0.00000000 -6.30910087 2.49012169
0.55392688 2.11734149 -0.20309659
-0.55392688 2.11734149 -0.20309659
0.00000000 1.06513622 0.22341483
0.10904047 -0.73890942 -0.40301094
-0.10904047 -0.73890942 -0.40301094
0.00000000 0.00000000 0.32065073
0.00000000 0.06314667 -0.35591152
-0.00000000 0.24614273 -0.80196139
0.00000000 0.00000027 -0.63346642
0.00000000 0.69883116 1.17974341
-0.00000000 -0.23877616 0.70080869
-0.00000000 -2.28295367 0.12494224
4.39617459 3.01572100 -3.51028094
-4.39617459 3.01572100 -3.51028094
0.00000000 -0.03953362 -0.21810921
0.03723896 0.16153099 0.62643169
-0.03723896 0.16153099 0.62643169
-0.00000000 -5.46361916 64.49722714
0.00000000 -2.39230485 -180.43154251
0.00000000 17.45942821 -45.98509900
-0.00000000 -0.00000033 -0.55385929
-0.00000000 -0.82527708 0.90038843
0.00000000 0.50491520 2.10356056
-0.00000000 2.47129586 0.12332212
-0.11714340 -0.14215546 -0.83301118
0.11714340 -0.14215546 -0.83301118
0.00000000 0.21208504 -6.91259618
-0.45061491 -0.39078840 2.05411520
0.45061491 -0.39078840 2.05411520
0.19649427 -0.00000000 -0.00000000
-0.51418359 -0.00000000 0.00000000
-0.72950546 0.00000000 0.00000000
0.45297644 0.00000000 0.00000000
-0.21091446 0.00000000 0.00000000
-0.72360245 0.00000000 0.00000000
0.76937152 -0.00000000 -0.00000000
-0.27545940 0.21110235 -5.36405869
-0.27545939 -0.21110235 5.36405869
0.13357951 0.00000000 -0.00000000
-0.03511225 -0.20009886 -0.19050177
-0.03511225 0.20009885 0.19050177
-12.71268457 -0.00000000 0.00000000
68.55190064 0.00000000 -0.00000000
-0.85662642 0.00000000 0.00000001
-0.20140886 -0.00000000 -0.00000000
0.04107534 0.00000000 0.00000001
1.85089967 -0.00000000 0.00000000
-0.15987884 -0.00000000 0.00000000
0.10724556 -0.14733200 0.25415394
0.10724556 0.14733200 -0.25415394
-4.41275246 0.00000000 -0.00000000
-1.50210357 -1.66066730 6.56694689
-1.50210357 1.66066730 -6.56694688
-0.00000000 1.53579891 0.06580437
0.00000000 -3.92034528 0.06992993
-0.00000000 -2.01118627 -1.51341218
0.00000000 -0.26955118 -0.74852723
-0.00000000 0.70630226 -0.05993664
-0.00000000 -1.71614344 1.47997922
-0.00000000 -0.83409280 0.90363324
-0.02615125 4.28138193 -3.44801229
0.02615126 4.28138193 -3.44801229
0.00000000 1.32780618 0.08112476
-0.19909608 -2.36910785 -0.73530866
0.19909608 -2.36910785 -0.73530866
-0.00000000 -40.51676129 -2.51551932
0.00000000 148.53344272 17.13547097
-0.00000000 25.71608110 -1.02440672
-0.00000000 0.70213267 0.84231053
0.00000000 -0.47426099 0.11283332
-0.00000000 0.06823734 -4.69869597
-0.00000000 0.86551839 -0.84735560
-0.26586775 -2.97588652 1.16862628
0.26586775 -2.97588652 1.16862627
0.00000000 -5.44069126 -1.46777353
-1.70650978 2.36523471 4.65638201
1.70650978 2.36523471 4.65638202
-0.00000000 0.07136690 -0.34599881
-0.00000000 0.08014579 1.72345444
-0.00000000 -1.44760590 0.04085930
-0.00000000 -0.70371805 1.17702176
0.00000000 0.07659180 -3.35596108
0.00000000 1.58938892 -0.53630366
0.00000000 0.93551962 1.25718545
-5.31385894 -3.57797636 -6.85643282
5.31385894 -3.57797635 -6.85643281
-0.00000000 0.07669364 -0.10772032
-0.17598515 -0.62942801 -0.23064344
0.17598515 -0.62942802 -0.23064344
-0.00000000 -23.50094248 -180.49411274
-0.00000000 19.08775381 692.55261760
0.00000000 82.76984209 -1.35690087
-0.00000000 0.80091476 0.87579394
0.00000000 0.06146293 -2.06321119
-0.00000000 -4.65050674 -4.26539376
0.00000000 -0.81713694 0.61828252
0.33032341 1.14714324 -0.12771146
-0.33032341 1.14714324 -0.12771147
0.00000000 -1.48158322 11.13654748
6.38013745 3.68612043 -3.80624231
-6.38013745 3.68612043 -3.80624230
0.46542127 -0.00000000 0.00000000
-0.68126281 0.00000000 -0.00000000
-0.01789629 0.00000001 0.00000000
0.08612794 0.00000000 0.00000000
-0.63676874 -0.00000000 0.00000000
-0.00298761 0.00000000 0.00000000
0.70775279 0.00000000 0.00000000
0.84296556 -4.59642384 1.96055224
0.84296556 4.59642384 -1.96055224
0.09996712 0.00000000 0.00000000
-0.06108373 -0.17091775 -0.07015206
-0.06108373 0.17091774 0.07015206
-13.81359539 -0.00000000 -0.00000000
-1.00340482 -0.00000000 -0.00000000
72.88860070 -0.00000001 -0.00000000
-0.27685279 -0.00000000 0.00000000
1.83082004 0.00000000 0.00000000
0.61554026 -0.00000000 0.00000000
-4.63715246 0.00000000 0.00000000
-1.69001258 -7.26356480 0.86951943
-1.69001258 7.26356480 -0.86951943
-0.16849184 -0.00000000 0.00000000
0.02657846 -0.19230663 -0.20386005
0.02657847 0.19230663 0.20386006
-0.00000000 1.66886463 0.22631899
0.00000000 -2.05519609 -1.47497659
0.00000000 -3.68624430 0.36064946
0.00000000 0.56488044 0.24095114
0.00000000 -1.70225938 -1.51782732
-0.00000000 -1.63916855 0.02205773
-0.00000000 1.82759975 0.26208589
-4.86876454 -8.23726308 0.24864339
4.86876454 -8.23726307 0.24864339
-0.00000000 0.43633113 0.23300297
-0.17568465 -0.24534832 -0.15980615
0.17568465 -0.24534832 -0.15980615
-0.00000000 -166.42224915 17.33599284
0.00000000 25.70735972 82.65362006
0.00000000 614.49089360 -132.80627225
-0.00000000 -0.47205298 -0.47740173
0.00000000 -0.16119000 4.97389040
-0.00000000 2.33733215 0.16239761
-0.00000000 10.34079679 -4.71976089
-7.05472269 -5.46099480 -1.18698672
7.05472269 -5.46099480 -1.18698673
0.00000000 -0.21935905 -0.48667249
-0.20737776 -0.16110031 -0.06035080
0.20737776 -0.16110031 -0.06035080
0.00000000 0.20950695 -0.80621571
-0.00000000 -1.50997941 0.04917243
-0.00000000 0.29754221 1.04981788
-0.00000000 0.23701546 0.70482002
0.00000000 -1.50744051 -0.42573816
-0.00000000 0.00535801 -0.98775596
-0.00000000 0.35527079 -1.24913960
2.01209678 0.29114132 5.01058023
-2.01209678 0.29114133 5.01058023
0.00000000 0.22056885 0.82527229
-0.07672461 -0.16778098 -2.34073989
0.07672461 -0.16778098 -2.34073989
-0.00000000 38.35280215 -46.05214654
0.00000000 -0.90264007 -1.34998533
-0.00000000 -133.79092331 189.83411296
0.00000000 -0.49712569 2.10545865
-0.00000000 4.70261856 -4.33767802
0.00000000 -0.00934370 -5.72831057
-0.00000000 -4.62147234 -4.36139556
0.86318098 -2.42068817 4.96488606
-0.86318098 -2.42068817 4.96488606
0.00000000 -0.48671553 1.71250087
-0.08927815 0.11474955 -2.80890428
0.08927815 0.11474955 -2.80890428
-0.08324351 -0.00000000 0.00000000
0.39738293 0.00000000 -0.00000000
0.07412356 0.00000000 -0.00000000
-0.11793416 -0.00000000 0.00000000
0.20606511 -0.00000000 0.00000000
0.49921731 0.00000000 -0.00000000
-0.03349521 -0.00000000 -0.00000000
0.01095230 0.04250345 -0.03806008
0.01095230 -0.04250345 0.03806008
-7.84681103 0.00000000 0.00000000
6.44637347 6.33901415 -4.41731341
6.44637347 -6.33901415 4.41731341
0.05771736 -0.00000000 0.00000000
-0.20065695 -0.00000000 -0.00000000
-0.28617922 0.00000000 0.00000000
9.98921129 -0.00000000 -0.00000000
-12.76994719 0.00000000 0.00000000
-13.94454004 0.00000000 0.00000000
0.71344907 0.00000000 0.00000000
0.02928821 0.13590984 0.53930060
0.02928821 -0.13590984 -0.53930060
0.74161410 -0.00000000 -0.00000000
0.03547770 0.64121237 0.15392344
0.03547770 -0.64121237 -0.15392344
0.00000000 0.06934417 -0.00000036
0.00000000 -0.30802701 -0.69957136
-0.00000000 0.53704228 0.23385878
-0.00000000 -0.87980651 0.00000000
-0.00000000 1.40690391 -0.06496500
0.00000000 1.58886649 -0.23003119
-0.00000000 -0.40956150 0.03839897
0.04298905 0.70051423 -0.16897141
-0.04298904 0.70051423 -0.16897141
-0.00000000 -1.50069683 2.26410645
6.17424871 -1.56015880 -2.85584489
-6.17424871 -1.56015880 -2.85584489
0.00000000 -0.15006609 0.00000042
0.00000000 0.64903864 0.81232366
-0.00000000 -0.48394454 -0.49087824
-0.00000000 58.75251929 5.48880075
-0.00000000 -40.52983656 23.54354379
-0.00000000 -166.43169911 -38.30957050
0.00000000 1.06513639 -0.22341433
0.10904044 -0.73890891 0.40301033
-0.10904044 -0.73890891 0.40301033
0.00000000 -6.30910059 -2.49012321
0.55392748 2.11734751 0.20309202
-0.55392748 2.11734751 0.20309202
0.00000000 0.00000032 -0.63346634
0.00000000 -0.69883033 1.17984446
0.00000000 0.23877632 0.70080920
0.00000000 0.00000000 0.32062258
-0.00000000 -0.06314139 -0.35589208
-0.00000000 -0.24613380 -0.80204230
0.00000000 0.03953403 -0.21811404
-0.03723879 -0.16152836 0.62641569
0.03723879 -0.16152836 0.62641569
0.00000000 2.28294768 0.12497771
-4.39617961 -3.01573985 -3.51017909
4.39617961 -3.01573985 -3.51017909
0.00000000 -0.00000039 -0.55386061
0.00000000 0.82527546 0.90046441
-0.00000000 -0.50491457 2.10357537
0.00000000 5.46361849 64.49716293
-0.00000000 2.39229577 -180.43148664
-0.00000000 -17.45944219 -45.98533859
0.00000000 -0.21208543 -6.91262393
0.45061469 0.39078575 2.05402218
-0.45061469 0.39078575 2.05402218
0.00000000 -2.47128985 0.12334333
0.11714501 0.14217221 -0.83296556
-0.11714501 0.14217221 -0.83296556
0.45297657 -0.00000000 0.00000000
-0.21091446 0.00000000 -0.00000000
-0.72360084 -0.00000000 0.00000000
0.19649379 -0.00000000 0.00000000
-0.51418575 0.00000000 -0.00000000
-0.72950293 -0.00000000 -0.00000000
0.13357913 -0.00000000 0.00000000
-0.03511258 -0.20009882 0.19050307
-0.03511258 0.20009882 -0.19050307
0.76936927 -0.00000000 -0.00000000
-0.27546054 0.21110269 5.36406434
-0.27546054 -0.21110269 -5.36406434
-0.20140893 -0.00000000 0.00000000
0.04107534 -0.00000000 0.00000000
1.85089721 0.00000000 0.00000000
-12.71268325 0.00000000 -0.00000000
68.55190304 -0.00000000 -0.00000000
-0.85663448 -0.00000000 -0.00000001
-4.41275038 0.00000000 -0.00000000
-1.50210218 -1.66066721 -6.56695291
-1.50210218 1.66066721 6.56695292
-0.15987790 0.00000000 0.00000000
0.10724612 -0.14733175 -0.25415552
0.10724612 0.14733176 0.25415552
0.00000000 -0.26955113 0.74852569
-0.00000000 0.70630226 0.05993707
0.00000000 -1.71614088 -1.47996905
-0.00000000 1.53579570 -0.06580507
0.00000000 -3.92036025 -0.06993101
-0.00000000 -2.01117705 1.51341000
-0.00000000 1.32780360 -0.08112470
-0.19909604 -2.36911238 0.73531514
0.19909604 -2.36911238 0.73531514
0.00000000 -0.83409019 -0.90362722
-0.02615091 4.28138379 3.44803006
0.02615091 4.28138379 3.44803006
0.00000000 0.70213273 -0.84230887
0.00000000 -0.47426099 -0.11283369
0.00000000 0.06823605 4.69868127
0.00000000 -40.51675710 2.51552012
0.00000000 148.53344968 -17.13546672
-0.00000000 25.71607037 1.02441106
0.00000000 -5.44068702 1.46777330
-1.70650969 2.36524014 -4.65639178
1.70650969 2.36524014 -4.65639177
0.00000000 0.86551485 0.84734972
-0.26586751 -2.97588878 -1.16864157
0.26586751 -2.97588878 -1.16864158
0.00000000 0.70372000 1.17711615
-0.00000000 -0.07659201 -3.35579834
0.00000000 -1.58941317 -0.53620685
-0.00000000 -0.07136238 -0.34600140
0.00000000 -0.08013830 1.72322032
-0.00000000 1.44766042 0.04089851
0.00000000 -0.07669635 -0.10773081
0.17598173 0.62941089 -0.23068738
-0.17598173 0.62941089 -0.23068738
0.00000000 -0.93553177 1.25716922
5.31384205 3.57793140 -6.85664058
-5.31384205 3.57793140 -6.85664058
-0.00000000 -0.80091626 0.87586361
0.00000000 -0.06146284 -2.06312672
0.00000000 4.65054275 -4.26532263
0.00000000 23.50093472 -180.49414403
-0.00000000 -19.08776370 692.55209615
-0.00000000 -82.76992658 -1.35686901
0.00000000 1.48158795 11.13654405
-6.38012057 -3.68609295 -3.80632027
6.38012057 -3.68609295 -3.80632026
0.00000000 0.81714883 0.61827217
-0.33031882 -1.14710567 -0.12779923
0.33031882 -1.14710567 -0.12779923
0.08612749 0.00000000 -0.00000000
-0.63677035 0.00000000 -0.00000000
-0.00298761 -0.00000001 0.00000000
0.46542117 0.00000000 -0.00000000
-0.68126028 0.00000000 -0.00000000
-0.01789592 0.00000000 -0.00000000
0.09996743 0.00000000 0.00000000
-0.06108345 -0.17091769 0.07015225
-0.06108345 0.17091769 -0.07015225
0.70775289 -0.00000000 0.00000000
0.84296562 -4.59642438 -1.96056043
0.84296562 4.59642438 1.96056043
-0.27685191 0.00000000 0.00000000
1.83082250 0.00000000 0.00000000
0.61554026 0.00000000 0.00000000
-13.81359619 0.00000000 0.00000000
-1.00341289 0.00000000 -0.00000000
72.88860732 -0.00000000 -0.00000000
-0.16849259 0.00000000 0.00000000
0.02657786 -0.19230657 0.20385940
0.02657786 0.19230658 -0.20385940
-4.63715245 0.00000000 0.00000000
-1.69001187 -7.26356545 -0.86951224
-1.69001187 7.26356544 0.86951224
-0.00000000 0.56487992 -0.24095197
0.00000000 -1.70226194 1.51783750
0.00000000 -1.63916856 -0.02206143
-0.00000000 1.66886386 -0.22632098
-0.00000000 -2.05518686 1.47497442
0.00000000 -3.68624178 -0.36065252
0.00000000 0.43633185 -0.23300382
-0.17568460 -0.24534783 0.15980642
0.17568460 -0.24534783 0.15980642
0.00000000 1.82759957 -0.26208459
-4.86876508 -8.23726770 -0.24868552
4.86876508 -8.23726770 -0.24868552
0.00000000 -0.47205283 0.47740213
-0.00000000 -0.16118870 -4.97390511
0.00000000 2.33733215 -0.16239052
-0.00000000 -166.42224908 -17.33599011
-0.00000000 25.70734898 -82.65361573
0.00000000 614.49090197 132.80626300
-0.00000000 -0.21935960 0.48667472
-0.20737771 -0.16110046 0.06035114
0.20737771 -0.16110046 0.06035114
-0.00000000 10.34079700 4.71975954
-7.05472333 -5.46099280 1.18703061
7.05472333 -5.46099281 1.18703061
-0.00000000 -0.23701204 0.70483987
0.00000000 1.50750067 -0.42589888
-0.00000000 -0.00535362 -0.98772208
-0.00000000 -0.20950224 -0.80612836
0.00000000 1.50987086 0.04927719
0.00000000 -0.29753180 1.04991078
-0.00000000 -0.22056901 0.82528374
0.07672842 0.16779315 -2.34070561
-0.07672842 0.16779315 -2.34070561
0.00000000 -0.35524052 -1.24914674
-2.01208934 -0.29107091 5.01055902
2.01208934 -0.29107091 5.01055902
0.00000000 0.49711986 2.10546030
-0.00000000 -4.70268601 -4.33804414
0.00000000 0.00933374 -5.72832537
0.00000000 -38.35281010 -46.05186825
-0.00000000 0.90279635 -1.34953366
-0.00000000 133.79089482 189.83456120
0.00000000 0.48671411 1.71251818
0.08927099 -0.11476921 -2.80887665
-0.08927099 -0.11476921 -2.80887665
0.00000000 4.62143368 -4.36143191
-0.86318904 2.42060800 4.96481501
0.86318904 2.42060800 4.96481502
-7.84681365 0.00000000 0.00000000
0.89451216 0.00000000 0.00000000
0.99106505 0.00000000 -0.00000000
-0.03349520 -0.00000000 0.00000000
0.14181652 0.00000000 0.00000000
0.10332407 -0.00000000 -0.00000000
-0.11793406 0.00000000 0.00000000
0.11839254 0.17163036 -0.02325818
0.11839254 -0.17163036 0.02325818
-0.11085644 0.00000000 -0.00000000
0.06891175 0.07118040 -0.14174289
0.06891175 -0.07118040 0.14174289
0.74161420 -0.00000000 0.00000000
-0.15446533 -0.00000000 0.00000000
-4.64458026 0.00000000 0.00000000
0.71344907 -0.00000000 -0.00000000
-4.39584588 0.00000000 0.00000000
-0.18065588 0.00000000 0.00000000
65.74619350 -0.00000000 -0.00000000
-114.39395511 -47.06276869 -33.88549706
-114.39395511 47.06276868 33.88549706
0.03696837 -0.00000000 0.00000000
-0.00812953 0.03256667 0.01991284
-0.00812953 -0.03256667 -0.01991284
-0.00000000 -1.50073215 -2.26410510
0.00000000 -0.85460806 0.95112930
-0.00000000 1.83966724 0.22245301
-0.00000000 -0.40956199 0.03839880
0.00000000 1.31873032 -0.08010828
0.00000000 0.41278031 -0.20288172
0.00000000 -0.87980849 0.00000000
0.17851836 1.85488348 -0.07358467
-0.17851836 1.85488347 -0.07358467
-0.00000000 0.25508266 0.00000050
0.08828784 -0.81636067 -0.13958734
-0.08828784 -0.81636067 -0.13958734
-0.00000000 -6.30905905 2.49011520
0.00000000 0.84155844 -0.83263859
-0.00000000 10.31129600 -4.70734492
-0.00000000 1.06512965 -0.22341371
-0.00000000 -5.45045470 1.34108662
-0.00000000 -0.17812112 0.58275447
-0.00000000 40.90644150 20.97771620
-64.19037289 -71.21472865 -40.31209549
64.19037290 -71.21472864 -40.31209549
-0.00000000 -0.29723963 -0.00000044
0.03206744 0.72250543 0.08152149
-0.03206744 0.72250543 0.08152149
0.00000000 -2.28296078 0.12499362
-0.00000000 0.97247285 1.29024977
0.00000000 0.27147779 -1.25612340
0.00000000 0.03953393 -0.21810582
0.00000000 -0.07395277 -0.11527410
-0.00000000 -0.21717745 0.82436849
-0.00000000 -0.00000000 0.32063860
-0.01390731 -0.08275722 -0.70407234
0.01390731 -0.08275722 -0.70407234
0.00000000 -0.00000042 -0.81645624
-0.15925090 -0.15756717 2.11554791
0.15925090 -0.15756717 2.11554791
-0.00000000 2.47130151 0.12335259
0.00000000 -0.81726176 0.61958139
0.00000000 -4.53088168 -4.38833250
0.00000000 -0.21208562 -6.91259782
-0.00000000 1.47335929 11.06005009
0.00000000 0.50703738 1.76749737
0.00000000 20.95241376 26.52848463
-46.19862952 -40.11866092 -44.33738152
46.19862953 -40.11866092 -44.33738152
0.00000000 0.00000036 -0.40334734
0.01419548 0.08976075 0.62173296
-0.01419548 0.08976075 0.62173296
6.06758487 6.28902446 4.38239756
-0.33200963 -0.05969293 -5.55273592
0.03928946 -4.86720169 1.77186017
0.01603528 0.04081983 -0.03782236
-0.07030120 -0.21652371 0.21758820
-0.08655120 -0.18734110 0.09723978
0.06015104 0.15179564 -0.02128096
-0.54415363 0.32359886 -0.03443790
0.75060321 0.06128275 0.00110925
0.11584787 0.07632441 0.18010158
0.88822550 0.01603543 0.09651141
-0.98116730 -0.00559118 0.31314973
-0.00614844 0.50440401 -0.12401066
-0.00032602 -0.48102366 0.33066669
-1.76326846 -7.59724425 0.94603520
0.01026217 0.11094259 0.40641992
-1.64902384 -1.72575485 -6.85379553
-0.06244654 -0.25739389 -0.08299888
-114.12869904 -64.17005996 -46.20275396
470.30918993 205.69313148 148.40792945
-38.76171839 34.09045845 24.54515671
-0.00517078 0.03816415 -0.02471296
-0.15938266 0.00227738 -0.00150554
0.15657658 -0.02092653 -0.03194013
6.20678872 -1.43351299 2.94428601
1.26511587 4.73881911 -3.25266586
-3.57750673 -7.43316651 0.71865470
0.04249765 0.69765336 -0.16963159
-0.20033247 -2.34373937 0.73706047
-0.17692145 -0.25761391 0.18928178
0.18190656 1.98094384 -0.07356232
0.23299363 -3.25266862 -0.10649998
-0.03984765 -4.85241287 -0.10649998
0.07317834 -0.83521659 0.15173559
0.10924782 2.10038929 0.14920702
0.04026536 1.71839468 0.14920741
0.56009913 2.19404762 -0.22630317
-0.22036875 -2.56338364 0.97799126
-7.00923712 -5.22209078 -1.25128836
0.12796372 -0.72965878 0.39975465
-1.74421906 2.36594344 -4.39750318
-0.24509080 -0.26145350 -0.12460304
-47.05346311 -71.42781784 -40.35475556
207.26222524 255.08705291 131.49157917
-34.02670761 39.67351092 25.10663211
0.03367156 0.72872405 -0.08900835
0.02058274 -1.41772354 -0.00207758
0.00174443 -1.60105226 -0.00207734
4.42865616 2.98860992 -3.52946531
-5.71147520 -4.04080214 -7.19377627
1.61449520 0.06851414 4.75324695
-0.03507633 -0.15879679 0.62697597
0.17503540 0.69483556 -0.23323480
0.07577757 0.16044336 -2.33115889
-0.02661862 -0.08348223 -0.70386160
-0.02040265 -0.09773341 1.20846613
0.00085006 -0.09773341 1.47545659
0.16101280 0.15709714 2.11056855
-0.06253725 -0.02600780 -5.45186200
0.18085472 -0.02600823 -3.14434570
-0.13722288 -0.23414448 -0.81106662
0.41716043 1.27392496 -0.16698182
0.95001259 -0.99393378 4.54377945
0.46719394 0.39590309 2.08265996
-6.33617096 -3.61731210 -3.40569741
0.13323116 0.03974805 -2.29155279
-33.83710675 -40.37796767 -44.29424247
148.27968397 130.00127675 167.10389850
-24.51360790 25.25444324 22.52948909
-0.01394667 -0.08598318 0.62593951
-0.00487207 0.00472977 -1.10193423
-0.02656769 0.00472951 -1.24990365
6.06758487 -6.28902446 -4.38239756
-0.33200964 0.05969292 5.55273592
0.03928946 4.86720169 -1.77186017
0.01603528 -0.04081983 0.03782236
-0.07030120 0.21652371 -0.21758820
-0.08655120 0.18734110 -0.09723978
0.06015104 -0.15179564 0.02128096
0.75060321 -0.06128275 -0.00110925
-0.54415363 -0.32359887 0.03443790
0.11584787 -0.07632441 -0.18010158
-0.98116730 0.00559118 -0.31314972
0.88822550 -0.01603543 -0.09651141
-0.00614844 -0.50440401 0.12401066
-0.00032603 0.48102366 -0.33066669
-1.76326846 7.59724425 -0.94603520
0.01026217 -0.11094259 -0.40641992
-1.64902384 1.72575485 6.85379553
-0.06244654 0.25739389 0.08299888
-114.12869905 64.17005997 46.20275396
-38.76171839 -34.09045845 -24.54515671
470.30918990 -205.69313145 -148.40792943
-0.00517078 -0.03816415 0.02471296
0.15657658 0.02092653 0.03194013
-0.15938266 -0.00227738 0.00150554
-6.20678872 -1.43351299 2.94428601
-1.26511587 4.73881911 -3.25266586
3.57750673 -7.43316651 0.71865470
-0.04249765 0.69765336 -0.16963159
0.20033247 -2.34373936 0.73706047
0.17692145 -0.25761391 0.18928178
-0.18190656 1.98094384 -0.07356232
0.03984765 -4.85241287 -0.10649998
-0.23299363 -3.25266862 -0.10649998
-0.07317834 -0.83521659 0.15173559
-0.04026535 1.71839468 0.14920741
-0.10924781 2.10038929 0.14920702
-0.56009913 2.19404762 -0.22630317
0.22036875 -2.56338365 0.97799126
7.00923712 -5.22209077 -1.25128836
-0.12796372 -0.72965878 0.39975465
1.74421905 2.36594344 -4.39750318
0.24509081 -0.26145350 -0.12460304
47.05346311 -71.42781784 -40.35475556
34.02670757 39.67351093 25.10663211
-207.26222522 255.08705289 131.49157916
-0.03367156 0.72872405 -0.08900835
-0.00174443 -1.60105226 -0.00207734
-0.02058274 -1.41772353 -0.00207758
-4.42865616 2.98860992 -3.52946531
5.71147520 -4.04080214 -7.19377628
-1.61449520 0.06851414 4.75324695
0.03507633 -0.15879679 0.62697597
-0.17503540 0.69483556 -0.23323480
-0.07577757 0.16044336 -2.33115889
0.02661863 -0.08348223 -0.70386160
-0.00085006 -0.09773341 1.47545659
0.02040266 -0.09773341 1.20846613
-0.16101280 0.15709714 2.11056855
-0.18085472 -0.02600823 -3.14434571
0.06253725 -0.02600781 -5.45186200
0.13722288 -0.23414448 -0.81106662
-0.41716044 1.27392496 -0.16698182
-0.95001259 -0.99393378 4.54377945
-0.46719394 0.39590309 2.08265996
6.33617096 -3.61731210 -3.40569741
-0.13323116 0.03974805 -2.29155279
33.83710675 -40.37796767 -44.29424247
24.51360792 25.25444326 22.52948910
-148.27968402 130.00127677 167.10389851
0.01394668 -0.08598318 0.62593951
0.02656769 0.00472951 -1.24990365
0.00487207 0.00472977 -1.10193423
-0.03349516 0.00000000 -0.00000000
0.14181689 0.00000000 0.00000000
0.10332376 0.00000000 0.00000000
-7.84681342 0.00000000 0.00000000
0.89450991 -0.00000000 0.00000000
0.99106515 0.00000000 0.00000000
-0.11085644 0.00000000 -0.00000000
0.06891178 0.07118041 0.14174284
0.06891178 -0.07118041 -0.14174284
-0.11793410 0.00000000 0.00000000
0.11839234 0.17163026 0.02325924
0.11839234 -0.17163026 -0.02325924
0.71344873 -0.00000000 0.00000000
-4.39584796 -0.00000000 0.00000000
-0.18065512 0.00000000 -0.00000000
0.74161410 0.00000000 0.00000000
-0.15446439 0.00000000 0.00000000
-4.64458025 0.00000000 0.00000000
0.03696837 0.00000000 0.00000000
-0.00812953 0.03256668 -0.01991283
-0.00812953 -0.03256668 0.01991283
65.74619386 -0.00000000 0.00000000
-114.39395398 -47.06276884 33.88549162
-114.39395397 47.06276884 -33.88549162
-0.00000000 -0.40956210 -0.03839913
0.00000000 1.31873290 0.08010834
0.00000000 0.41277959 0.20288087
-0.00000000 -1.50073231 2.26410662
-0.00000000 -0.85460545 -0.95112328
0.00000000 1.83966706 -0.22245171
-0.00000000 0.25508266 0.00000050
0.08828785 -0.81636073 0.13958800
-0.08828785 -0.81636073 0.13958800
0.00000000 -0.87980876 0.00000000
0.17851826 1.85488067 0.07358866
-0.17851826 1.85488067 0.07358866
0.00000000 1.06512948 0.22341421
0.00000000 -5.45045894 -1.34108685
-0.00000000 -0.17812058 -0.58275224
-0.00000000 -6.30905876 -2.49011673
-0.00000000 0.84155491 0.83263271
0.00000000 10.31129622 4.70734358
0.00000000 -0.29723963 -0.00000044
0.03206745 0.72250548 -0.08152210
-0.03206745 0.72250548 -0.08152210
0.00000000 40.90644196 -20.97771595
-64.19037305 -71.21472451 40.31208974
64.19037305 -71.21472452 40.31208975
-0.00000000 -0.03953378 -0.21811835
-0.00000000 0.07395916 -0.11525446
-0.00000000 0.21717751 0.82434104
-0.00000000 2.28294489 0.12493653
0.00000000 -0.97244619 1.29006506
0.00000000 -0.27152834 -1.25614628
-0.00000000 -0.00000043 -0.81645546
0.15924746 0.15756321 2.11557925
-0.15924746 0.15756321 2.11557926
-0.00000000 -0.00000000 0.32063235
0.01390603 0.08275228 -0.70408848
-0.01390603 0.08275228 -0.70408848
-0.00000000 0.21208479 -6.91262400
-0.00000000 -1.47336930 11.06022937
0.00000000 -0.50704001 1.76743808
-0.00000000 -2.47128556 0.12331545
0.00000000 0.81723582 0.61948073
0.00000000 4.53094157 -4.38832655
-0.00000000 0.00000037 -0.40334837
-0.01419484 -0.08975824 0.62173888
0.01419484 -0.08975824 0.62173888
-0.00000000 -20.95241380 26.52844532
46.19863608 40.11866819 -44.33745975
-46.19863609 40.11866820 -44.33745976
0.01603533 0.04081985 0.03782250
-0.07030087 -0.21652375 -0.21758691
-0.08655147 -0.18734115 -0.09723960
6.06758683 6.28902528 -4.38239633
-0.33201078 -0.05969258 5.55274157
0.03928952 -4.86720223 -1.77186836
0.11584783 0.07632440 -0.18010163
0.88822550 0.01603543 -0.09651644
-0.98116730 -0.00559119 -0.31314972
0.06015085 0.15179554 0.02128201
-0.54415390 0.32359871 0.03443951
0.75060291 0.06128276 -0.00110925
0.01026181 0.11094262 -0.40642060
-1.64902523 -1.72575494 6.85378950
-0.06244593 -0.25739395 0.08299822
-0.00614908 0.50440462 0.12401025
-0.00032547 -0.48102342 -0.33066828
-1.76326775 -7.59724490 -0.94602801
-0.00517077 0.03816414 0.02471297
-0.15938266 0.00227738 0.00150630
0.15657658 -0.02092655 0.03194013
-114.12869790 -64.17006012 46.20274852
470.30918182 205.69312771 -148.40790812
-38.76171677 34.09045845 -24.54515671
0.04249767 0.69765356 0.16963189
-0.20033251 -2.34373483 -0.73705399
-0.17692150 -0.25761440 -0.18928151
6.20678954 -1.43351860 -2.94428094
1.26511620 4.73882098 3.25268363
-3.57750728 -7.43317114 -0.71869683
0.07317833 -0.83521652 -0.15173492
0.10924782 2.10038929 -0.14921012
0.04026534 1.71839468 -0.14920973
0.18190646 1.98094103 0.07356630
0.23299348 -3.25267263 0.10650608
-0.03984765 -4.85241687 0.10650608
0.12796375 -0.72965930 -0.39975525
-1.74421915 2.36593802 4.39749342
-0.24509086 -0.26145335 0.12460338
0.56009973 2.19405365 0.22629860
-0.22036851 -2.56338592 -0.97800657
-7.00923776 -5.22208880 1.25133224
0.03367155 0.72872400 0.08900775
0.02058274 -1.41772353 0.00207872
0.00174442 -1.60105226 0.00207896
-47.05346326 -71.42781372 40.35474981
207.26222142 255.08705359 -131.49157529
-34.02670757 39.67351683 -25.10664108
0.03507559 0.15879427 0.62698904
-0.17503994 -0.69486285 -0.23334699
-0.07578242 -0.16045763 -2.33111022
-4.42864422 -2.98858959 -3.52932018
5.71145030 4.04074892 -7.19332357
-1.61447134 -0.06845245 4.75347459
-0.16100895 -0.15709406 2.11060105
0.06254280 0.02601086 -5.45181472
-0.18084915 0.02601044 -3.14429795
0.02661704 0.08347616 -0.70385714
0.02040046 0.09772500 1.20846352
-0.00085595 0.09772500 1.47545418
-0.46719017 -0.39589868 2.08263150
6.33618705 3.61734450 -3.40613043
-0.13322015 -0.03972662 -2.29152803
0.13721912 0.23412926 -0.81100812
-0.41715295 -1.27388090 -0.16685257
-0.95002759 0.99388086 4.54394261
0.01394595 0.08598154 0.62595078
0.00487129 -0.00473062 -1.10191978
0.02656665 -0.00473088 -1.24988927
33.83711488 40.37797665 -44.29424821
-148.27964802 -130.00125616 167.10388960
24.51364112 -25.25443082 22.52945722
0.01603533 -0.04081985 -0.03782250
-0.07030087 0.21652375 0.21758691
-0.08655147 0.18734115 0.09723960
6.06758683 -6.28902528 4.38239633
-0.33201077 0.05969258 -5.55274157
0.03928952 4.86720223 1.77186835
0.11584783 -0.07632440 0.18010163
-0.98116731 0.00559120 0.31314973
0.88822550 -0.01603543 0.09651644
0.06015085 -0.15179554 -0.02128201
0.75060291 -0.06128275 0.00110925
-0.54415390 -0.32359871 -0.03443951
0.01026181 -0.11094262 0.40642060
-1.64902523 1.72575494 -6.85378950
-0.06244593 0.25739395 -0.08299822
-0.00614908 -0.50440462 -0.12401025
-0.00032546 0.48102342 0.33066828
-1.76326775 7.59724489 0.94602801
-0.00517077 -0.03816414 -0.02471297
0.15657658 0.02092654 -0.03194013
-0.15938267 -0.00227738 -0.00150630
-114.12869792 64.17006012 -46.20274852
-38.76171677 -34.09045845 24.54515671
470.30918179 -205.69312771 148.40790811
-0.04249767 0.69765356 0.16963189
0.20033251 -2.34373483 -0.73705399
0.17692150 -0.25761441 -0.18928151
-6.20678955 -1.43351860 -2.94428094
-1.26511620 4.73882098 3.25268363
3.57750728 -7.43317114 -0.71869683
-0.07317833 -0.83521652 -0.15173492
-0.04026534 1.71839468 -0.14920973
-0.10924781 2.10038930 -0.14921012
-0.18190646 1.98094104 0.07356630
0.03984765 -4.85241687 0.10650608
-0.23299348 -3.25267263 0.10650608
-0.12796375 -0.72965930 -0.39975525
1.74421915 2.36593802 4.39749342
0.24509086 -0.26145335 0.12460338
-0.56009973 2.19405365 0.22629860
0.22036851 -2.56338592 -0.97800657
7.00923777 -5.22208880 1.25133224
-0.03367155 0.72872400 0.08900775
-0.00174442 -1.60105227 0.00207896
-0.02058274 -1.41772354 0.00207872
47.05346325 -71.42781372 40.35474980
34.02670760 39.67351682 -25.10664106
-207.26222149 255.08705361 -131.49157531
-0.03507559 0.15879427 0.62698904
0.17503994 -0.69486285 -0.23334699
0.07578242 -0.16045763 -2.33111021
4.42864422 -2.98858959 -3.52932018
-5.71145030 4.04074891 -7.19332357
1.61447134 -0.06845245 4.75347459
0.16100895 -0.15709406 2.11060105
0.18084915 0.02601044 -3.14429795
-0.06254281 0.02601086 -5.45181472
-0.02661704 0.08347616 -0.70385715
0.00085595 0.09772500 1.47545417
-0.02040046 0.09772500 1.20846352
0.46719017 -0.39589868 2.08263150
-6.33618705 3.61734451 -3.40613043
0.13322014 -0.03972662 -2.29152803
-0.13721912 0.23412926 -0.81100812
0.41715295 -1.27388090 -0.16685257
0.95002759 0.99388086 4.54394260
-0.01394595 0.08598154 0.62595078
-0.02656664 -0.00473088 -1.24988927
-0.00487129 -0.00473062 -1.10191978
-33.83711489 40.37797665 -44.29424821
-24.51364110 -25.25443083 22.52945723
148.27964808 -130.00125620 167.10388963
