    5.4300000000    5.4300000000    5.4300000000   28.0855
    6.7875000000    6.7875000000    6.7875000000   28.0855
    8.1450000000    8.1450000000    5.4300000000   28.0855
    9.5025000000    9.5025000000    6.7875000000   28.0855
    2.7150000000    2.7150000000    5.4300000000   28.0855
    4.0725000000    4.0725000000    6.7875000000   28.0855
    8.1450000000    5.4300000000    8.1450000000   28.0855
    9.5025000000    6.7875000000    9.5025000000   28.0855
   10.8600000000    8.1450000000    8.1450000000   28.0855
   12.2175000000    9.5025000000    9.5025000000   28.0855
    5.4300000000    2.7150000000    8.1450000000   28.0855
    6.7875000000    4.0725000000    9.5025000000   28.0855
    2.7150000000    5.4300000000    2.7150000000   28.0855
    4.0725000000    6.7875000000    4.0725000000   28.0855
    5.4300000000    8.1450000000    2.7150000000   28.0855
    6.7875000000    9.5025000000    4.0725000000   28.0855
    0.0000000000    2.7150000000    2.7150000000   28.0855
    1.3575000000    4.0725000000    4.0725000000   28.0855
    5.4300000000    8.1450000000    8.1450000000   28.0855
    6.7875000000    9.5025000000    9.5025000000   28.0855
    8.1450000000   10.8600000000    8.1450000000   28.0855
    9.5025000000   12.2175000000    9.5025000000   28.0855
    2.7150000000    5.4300000000    8.1450000000   28.0855
    4.0725000000    6.7875000000    9.5025000000   28.0855
    8.1450000000    8.1450000000   10.8600000000   28.0855
    9.5025000000    9.5025000000   12.2175000000   28.0855
   10.8600000000   10.8600000000   10.8600000000   28.0855
   12.2175000000   12.2175000000   12.2175000000   28.0855
    5.4300000000    5.4300000000   10.8600000000   28.0855
    6.7875000000    6.7875000000   12.2175000000   28.0855
    2.7150000000    8.1450000000    5.4300000000   28.0855
    4.0725000000    9.5025000000    6.7875000000   28.0855
    5.4300000000   10.8600000000    5.4300000000   28.0855
    6.7875000000   12.2175000000    6.7875000000   28.0855
    0.0000000000    5.4300000000    5.4300000000   28.0855
    1.3575000000    6.7875000000    6.7875000000   28.0855
    5.4300000000    2.7150000000    2.7150000000   28.0855
    6.7875000000    4.0725000000    4.0725000000   28.0855
    8.1450000000    5.4300000000    2.7150000000   28.0855
    9.5025000000    6.7875000000    4.0725000000   28.0855
    2.7150000000    0.0000000000    2.7150000000   28.0855
    4.0725000000    1.3575000000    4.0725000000   28.0855
    8.1450000000    2.7150000000    5.4300000000   28.0855
    9.5025000000    4.0725000000    6.7875000000   28.0855
   10.8600000000    5.4300000000    5.4300000000   28.0855
   12.2175000000    6.7875000000    6.7875000000   28.0855
    5.4300000000    0.0000000000    5.4300000000   28.0855
    6.7875000000    1.3575000000    6.7875000000   28.0855
    2.7150000000    2.7150000000    0.0000000000   28.0855
    4.0725000000    4.0725000000    1.3575000000   28.0855
    5.4300000000    5.4300000000    0.0000000000   28.0855
    6.7875000000    6.7875000000    1.3575000000   28.0855
    0.0000000000    0.0000000000    0.0000000000   28.0855
    1.3575000000    1.3575000000    1.3575000000   28.0855
     0.00000     8.14500     8.14500     8.14500     0.00000     8.14500     8.14500     8.14500     0.00000
