CONFIG generated by ASE                                                 
         0         3       512
       21.8483924728        0.0000000000        0.0000000000
        0.0000000000       21.8483924728        0.0000000000
        0.0000000000        0.0000000000       21.8483924728
Si               1
       28.0509720600        5.5977329010       -8.8496482230
Si               2
      -13.7106150800      -14.2601958300       17.8297886600
Si               3
       -1.8451875240       -9.7632054480        0.6004583061
Si               4
      -11.6991770900       30.3582229800       -3.1040853110
Si               5
        3.3543848330       11.6175000700       -8.5601945180
Si               6
      -17.4106239400       22.8260377800       25.8178155900
Si               7
        3.9302943890      -25.2050381900      -10.8740998300
Si               8
       31.8119742300      -10.1299854700       -0.4686504324
Si               9
       10.1280475500       -3.9417141990      -16.5787519800
Si              10
      -19.7133919000        7.0368379240       -7.0032503430
Si              11
      -33.6823207100        7.4130814900        9.2700875690
Si              12
       42.2119033200       13.8283798800       13.4211271600
Si              13
      -26.0315599000       -4.8228222610       16.2773273500
Si              14
      -12.2813194500        9.6790615720        2.7595619480
Si              15
      -16.8542598500        4.9583391890        9.5897838490
Si              16
      -17.1821015000      -17.4262889600        5.9766054080
Si              17
        4.5531935280        4.3631389050       11.8087286700
Si              18
        4.2088344520       38.4808049800      -13.8441759100
Si              19
       13.0151115200       10.2366515500        1.1399485420
Si              20
      -12.0045957600       39.6891231000       -7.1812967430
Si              21
       16.0532947000        0.3054815947      -21.6136710800
Si              22
      -30.2475319700       42.1354545600        5.0134061690
Si              23
       10.8896928000        7.3654569480       28.9535651100
Si              24
       37.5189983900      -20.7223680600       -1.9219099930
Si              25
       10.4093431600       -2.3588726910       -5.4816818670
Si              26
      -18.4945313900      -18.5349189400       -6.6436105750
Si              27
       -3.8020557590       13.1704869400      -12.7032209300
Si              28
      -25.4762854500       12.8756727600       13.2170119200
Si              29
       27.9090324800       23.0911681100      -24.3960682200
Si              30
       12.4369852400      -25.4646373700        5.4181826580
Si              31
       17.7647166200       19.2430569500        7.2992089730
Si              32
        5.3165843540       -7.4874958870       -2.0130178280
Si              33
       -5.9416501780       -2.8272154830      -32.4110903700
Si              34
       -4.9058934570        8.7778025550       30.8983352100
Si              35
      -20.2020595200       14.9425697500      -19.8700309800
Si              36
       -2.2367847140        0.3887447260       20.4596405900
Si              37
       -2.9132908670       -5.9819389810       41.0657928200
Si              38
       32.2434985400       19.1544870100       12.7715371000
Si              39
       -8.7060898290       30.2027639200       21.5015669900
Si              40
      -20.4640182200        6.3059920540       -4.8918995090
Si              41
      -19.9758401800       -7.0277610400       -3.6345406980
Si              42
       12.4881339100       14.7038118100        1.3781325970
Si              43
        1.6145504830       23.9698702500       43.7998986800
Si              44
        6.5154071090      -10.8755671700       -6.7949863890
Si              45
       20.9524024800       27.9225798300       -5.6860073910
Si              46
      -28.0602478900        3.0195084650       12.0783690700
Si              47
      -12.5451586500       10.0323323600       26.9019207100
Si              48
        0.8567855272       14.9179020400        7.7749565130
Si              49
      -19.3616261400       20.3859928900      -13.8857093300
Si              50
       -2.5835159590       28.4526451700        0.0903976310
Si              51
      -14.6604193800       -4.3678057730       -9.6915856460
Si              52
      -11.2781171800        7.4736611970       12.5614227400
Si              53
       -7.4441104530       20.5781832900      -14.7153797300
Si              54
       17.0963615500        9.8016318040        6.8984897900
Si              55
       15.7755838500       -8.8261172520      -35.3871835000
Si              56
       -3.8581178660       27.5069961900      -41.7593682700
Si              57
       -9.5507229930      -16.2991426800        6.5762914210
Si              58
        4.7075775940       35.5454917700      -27.3657327100
Si              59
       10.4809026300        4.6615538560       -4.2133117630
Si              60
       12.3115607800       52.8039858800       28.3449363800
Si              61
       26.6233517500       24.9584209900      -23.5222315400
Si              62
        1.6540501380       39.3126509300       21.0332706500
Si              63
       -6.7709478990       33.1527180800       19.7185924700
Si              64
      -11.9816214900      -21.0540460600      -35.0512719600
Si              65
      -32.5594916300      -21.3887931600      -10.0149872300
Si              66
       -9.8543147350      -28.5764420700       20.8536304400
Si              67
        2.6276392710       -6.0491407510       50.1311801700
Si              68
       32.7948083500      -15.9531192700       32.7316672800
Si              69
       -0.4791365509       -3.2031703890       64.9550033900
Si              70
       -6.9339385730      -14.2911487700        8.8666838410
Si              71
      -22.0974620600      -24.8062627600      -15.4432972800
Si              72
        2.2891919910      -21.0804397000      -10.1593231400
Si              73
       30.3856028000       -0.1643662031        3.2555156270
Si              74
       -8.5042086670      -35.4980460200        4.5522396200
Si              75
       22.2546921700      -27.9042374900      -32.3986554600
Si              76
       18.5094329900      -18.5339746900        1.1407975490
Si              77
       26.1933795200       -5.9218220640       -6.2352210710
Si              78
       -1.3908392300        2.7197905690      -10.0644545500
Si              79
       16.6454051800      -11.6207756900       54.6813291300
Si              80
      -22.0616668400       -0.8775865489       -0.8805266273
Si              81
       25.5138264500       15.6975429400       13.3004577400
Si              82
       16.2578768100        5.0597818700        3.6820486940
Si              83
       19.9077923800      -13.5687794700       32.8500563100
Si              84
       18.2305200700       -2.9777456720      -32.8737131300
Si              85
       15.3141449900      -22.9392889400      -48.9045851400
Si              86
      -15.6030173300      -42.2034787300       10.4626161300
Si              87
       15.6914430300      -26.3923807600      -16.9046493300
Si              88
       12.3433359800      -15.0131403300        2.9516946440
Si              89
       15.1824387900       11.1407985100        6.9921855270
Si              90
        7.5007383450      -10.4365855200        5.6065218410
Si              91
       21.2713418500      -42.9128041200      -19.2781057600
Si              92
       -0.8971337805       -6.9300423230       15.5355977100
Si              93
        9.9678379930       -5.5433477230       -1.3124242470
Si              94
       21.3444632000      -12.5857312900      -19.7989867300
Si              95
       14.5874536000       13.6172086500       23.0085899300
Si              96
       -8.8167303190        2.8899057630        9.3198487680
Si              97
       -1.9587076710       -2.1981130880       -4.0067509880
Si              98
        4.7969036100       -5.8560404810       23.0930653100
Si              99
      -11.0849787300       24.2398184500       -4.8378644890
Si             100
        5.1840968180       -1.1916407660       22.2743784100
Si             101
        1.3086964370      -10.3275786100       -5.4701540160
Si             102
      -21.9442316600      -11.2319786200       -7.0774778290
Si             103
        4.0640794720       19.0997916500        1.8255313410
Si             104
        3.7814494250       14.0810906400        5.2774490150
Si             105
        9.7907791550        2.9014012030        7.6620261810
Si             106
      -18.0911337600       12.0587586700        6.5218883250
Si             107
      -17.1436678800      -13.1500930300       12.6025093000
Si             108
       32.6549386500       11.1617204400       10.2555448800
Si             109
      -32.8514848400       -7.6599361700        9.0015844500
Si             110
       -2.1184900510      -31.2061177900      -36.0463888800
Si             111
       12.4257559000      -23.8679612900       35.5417202200
Si             112
      -17.5989976200      -13.8566171500      -28.8802713300
Si             113
        0.5534909758       31.6543344800      -14.7918569900
Si             114
        1.6283275360        6.2089973490        8.4339868900
Si             115
       -0.8819434961        9.2331926460       20.1273588500
Si             116
       11.9209560900        0.8165220445      -12.1772783900
Si             117
       15.6340307300        1.9642284920        5.3769096230
Si             118
        3.4085390090        1.4422047890       -8.1844185570
Si             119
       28.4114383800      -14.2746756400      -31.8468582400
Si             120
        4.4890415080      -13.3864520300      -21.4302546400
Si             121
       -7.5446544530       20.6607599800        0.9738033479
Si             122
       -0.4915728027       20.3325746600      -33.6398772000
Si             123
        6.4933893220        3.2767023680      -12.8368228200
Si             124
      -19.1890567000      -22.3360392400      -17.5673967700
Si             125
      -17.8249162200        9.6808979360        4.2826332650
Si             126
       11.5705572200       18.9275319200        8.9826406490
Si             127
       36.6780493900      -26.6806688800       10.5829466000
Si             128
        6.2368306900       -4.4594562760       15.8165686000
Si             129
      -15.8816285100        6.4539285720       15.1721207900
Si             130
      -37.1039662000      -22.7048075800        6.6401363210
Si             131
       16.9204626200       36.5279778300       63.7704743900
Si             132
        7.4771292080        9.7280430220       23.5565297600
Si             133
       30.4004747400      -13.1271127600       -9.4995447660
Si             134
      -14.4335574800       12.9764360000        3.8664441430
Si             135
        8.7326106020       -1.1176784250      -26.2830987800
Si             136
        0.2701166283       -8.3342615070       -4.7243674120
Si             137
      -22.2312486100       11.2839257600      -13.1340134500
Si             138
       -7.5652715720       11.9309876500       -4.2624880060
Si             139
       27.0647437300        0.8530071545        1.6549642780
Si             140
        3.5066412970       11.8218573400       -6.2808922410
Si             141
        9.8667008210      -21.1234537900       18.4293737200
Si             142
      -12.3205167900       15.6660253000        5.6889134720
Si             143
       18.3867068100      -36.2669744400      -25.4584998200
Si             144
       14.6983200700      -15.5015473600      -10.9583943800
Si             145
       -2.8121000800       23.3265813800      -27.0889227700
Si             146
      -27.2425691900       -0.6748658327       -3.2114770430
Si             147
       -3.0519528100       -2.8167988860       15.8959012100
Si             148
      -18.6491952700      -10.5143618300       19.5642409300
Si             149
       29.1380827700      -11.2996033300      -12.4839629900
Si             150
      -12.5367080500        4.4318162950        0.2322511406
Si             151
       25.5192387200        3.1919695730      -17.6188999500
Si             152
       38.9068811700      -28.2055598600      -38.1146199100
Si             153
       19.9592067900       17.8193668400      -16.7122842200
Si             154
       39.0335831200       12.2095146400      -23.4376335300
Si             155
        5.7611153750       18.5915485100      -18.3750605200
Si             156
        5.7858019350        9.0874412390      -13.6299191300
Si             157
       13.9791093600       11.9103986700      -51.7620034600
Si             158
       36.9669504200      -15.1263963800        5.0607062770
Si             159
       -7.7026093060       -5.5181228650      -23.0558670300
Si             160
       -0.6162870212       -6.7119432810       24.4288953000
Si             161
       -3.6218585940        6.2382819140      -16.2339128400
Si             162
       -3.7979314680        0.6835063889       -7.3011091870
Si             163
       11.6122738500       -0.5867992753       15.3617838500
Si             164
       28.7928629900      -36.2747559500        6.8041585610
Si             165
       16.9185650600      -13.6701141800      -16.6053009300
Si             166
       -6.1158711540       34.6053424400       24.8682327300
Si             167
      -11.3490255700       -3.3290831640       -0.6713045575
Si             168
       -5.4721311180       22.4347052700      -18.2139419200
Si             169
        3.3762434530       -3.9834010100       -2.5539562460
Si             170
      -25.6194156500      -24.5271713700      -16.9712710600
Si             171
        0.5432551784      -13.4492213300       -8.0783771110
Si             172
       -2.4375893940      -16.4989686100       39.6020635300
Si             173
       18.9757078600       15.1925786000       -4.9511601830
Si             174
       15.0909189400       15.4111776700       -3.3014827950
Si             175
       -5.1091982920      -13.1696604600      -44.1060200200
Si             176
      -51.2556843100       27.4036281200       18.5958484500
Si             177
       30.0031710000       35.0473580200      -21.9747176800
Si             178
       -0.3576821618        6.8557081970       12.0493946400
Si             179
        6.9565912020       42.2350991900       30.7711736400
Si             180
       30.6683057900       -7.0173305900      -33.6853036800
Si             181
      -21.5172652300       24.8999267900       18.1718747600
Si             182
       32.8024635700        0.5376307243       21.8651709400
Si             183
       13.0765016400       26.8760863100       -6.9151951620
Si             184
       -1.9733754450       -7.4262774660      -21.0766023300
Si             185
       -1.6712096180       40.6175020900      -42.1941558200
Si             186
      -14.9028151600       -8.6670423250       -6.0336948900
Si             187
        6.1966876720       16.2996072000       24.9355719700
Si             188
       36.7347584800      -12.8471855600       20.0296510000
Si             189
       34.6029125600        3.5821832230       -0.9759000864
Si             190
        2.1968472290        4.5294546550      -31.8667736300
Si             191
       -7.1592699080       -5.0086376310      -13.5938089500
Si             192
      -10.0334856400       12.7443518000       -1.4437203020
Si             193
       26.3695328200        7.2320261910       19.0138162500
Si             194
       -4.2931922910        6.7728774920      -23.3757432300
Si             195
       12.7390368900       16.3386123000       11.5841995700
Si             196
       17.7990293400        4.9619227130       53.1898830700
Si             197
        3.3377126210      -17.1980556000       29.8163387400
Si             198
        2.4035983410       -2.8883272490      -31.0572409500
Si             199
        4.7161678910      -12.0580784500       -5.5365319730
Si             200
       -2.6674997390        3.0195414610        9.7775166480
Si             201
      -21.3411602500      -17.0911889000        5.2511453860
Si             202
       16.7755587800      -14.0360611700       -5.2432552440
Si             203
        3.4892519810      -45.3185602300       -2.9065474110
Si             204
        8.3322737420       15.5386313400        0.1553133245
Si             205
        1.2689471810      -44.4713585900       19.1577115700
Si             206
       21.9551201200       -4.7829983630       36.7257452200
Si             207
       14.1766573500        9.8844231390        3.2061554900
Si             208
       -7.6596739930      -25.0229928200       16.7169012500
Si             209
       12.4076255800        8.9748298160       -9.4843430120
Si             210
        7.1971083740       -7.5122566010      -13.4315486100
Si             211
       14.8641483400        7.7478759500       18.0509641100
Si             212
      -29.4228351700      -24.8899717200       -0.7225551173
Si             213
       27.9159495200      -13.0114130700       -3.7563957780
Si             214
       -6.2608123830       -3.2865217110        6.9696983700
Si             215
       33.5999319600       -0.0297789754      -23.9353720500
Si             216
       60.7407995700       24.8706842300      -24.1260445800
Si             217
       18.1194682000      -10.3373610900       -6.6928174370
Si             218
      -37.9362808400       19.5342907400       -7.0397846540
Si             219
       25.0263797800       -2.1398819070      -37.8553577400
Si             220
      -15.8769971700      -29.0392294600        4.7111715260
Si             221
        6.1098736080      -38.8638740100       -0.5656268211
Si             222
       15.7691724500        0.5905222150        7.2327519420
Si             223
       -9.7694502020       -3.3163143570       -4.1091487040
Si             224
       14.4793081500       10.5812458000      -28.0068683000
Si             225
      -24.0142993300      -21.2546045700       -9.0337990790
Si             226
        1.7026334780       10.1451124300       34.2780397500
Si             227
       25.3943043400        9.4973545010        8.9750237960
Si             228
      -15.9606281600      -14.7127902000       20.9608359600
Si             229
        7.5387071730      -42.4291761600        1.6992195830
Si             230
        2.2094006020      -35.9196816700       -3.2579649330
Si             231
       57.3218885500        0.3915427486       -5.7787674720
Si             232
       15.4552707900       13.7974353600       38.6239367000
Si             233
        3.6878323170        0.2167301901       39.2157445900
Si             234
       15.9895788200      -20.6348919100       10.5655888800
Si             235
       -3.0787800360      -22.0309718900       40.1640389300
Si             236
       25.4841343500      -21.2184522200      -35.7236124000
Si             237
       23.1413928700        1.5315710810       -2.1571063540
Si             238
        0.8262892087       -5.0450096000      -12.6074201200
Si             239
       -7.0910717790       -0.8281344309      -32.8947935100
Si             240
       11.0351436400        2.5883970050        2.7227259330
Si             241
       12.9914167800        4.6944937470       10.9094401900
Si             242
       17.9011989000      -22.0893913600      -14.1949642200
Si             243
        0.6757575046        0.6983748006        4.6084146050
Si             244
       12.3511135100       -7.7138859090      -32.8889029900
Si             245
       12.0419218100      -16.5653577400       19.3674931600
Si             246
      -22.9736463200      -30.7654105900       18.9572302400
Si             247
       19.0967281700      -40.9645523600       -1.1354025860
Si             248
        6.0422248250      -17.0009298400      -20.0343409200
Si             249
       19.5233147000      -12.3267508800       -3.6075532830
Si             250
      -20.8260032100      -50.2220043700       -1.5316920770
Si             251
       21.1993336400        7.8221292890        3.8779587000
Si             252
        9.6300334760      -17.8348717900       11.4623668700
Si             253
      -13.1882924100      -21.5062838800       -0.1767865477
Si             254
        4.1650841020      -21.4689503700       10.2450451200
Si             255
       34.7781917800       -4.9744647120      -41.5424336000
Si             256
        7.4222896030       -2.2358165470       18.9899363900
Si             257
       13.5568705800       16.5192615700       26.2318812100
Si             258
       20.5601672300        4.1896884720       -2.3824173600
Si             259
       14.0830259400      -20.4932318500       14.0192239000
Si             260
      -10.7864900100        2.8759659850        0.4168259474
Si             261
       30.0842871900        5.2203036480       40.0188888800
Si             262
      -13.3764033700      -27.6305561100       46.1261717900
Si             263
      -72.7547707400      -32.2853919000      -10.3612063500
Si             264
       30.2152657500       35.2435908900       -9.9865018320
Si             265
       11.3685123100       -6.4606652910      -14.7172448400
Si             266
      -12.3206066400       -3.7758080380       24.8666477700
Si             267
       13.5926473500      -13.3586680700       38.0845764200
Si             268
       20.5544224600       30.7759178900        5.9475727860
Si             269
        8.9561767860       21.0834723600       34.1499969400
Si             270
      -27.2402659200      -25.1292219900       24.9597710700
Si             271
       26.4819151900       13.0977809900      -11.4806810200
Si             272
        2.3624945670      -41.1464815900        7.5693550420
Si             273
      -19.5940150100      -14.1114904900      -21.3158566100
Si             274
       -2.7994834970      -32.8483726600      -15.7720982200
Si             275
      -15.0353514600       -2.0608949820       -9.2692904370
Si             276
       29.9009172900        4.0306660990       42.0338437400
Si             277
        6.4347031280       16.9721272200       21.7325353500
Si             278
       44.1531397900       -0.2303830176      -13.4813709700
Si             279
       -7.4099052460       28.7259723500       -7.1527628540
Si             280
      -35.6512241800       14.3443489400      -29.6323940100
Si             281
       -8.7704972660        2.1786660210       -4.4450254160
Si             282
       -3.9316536820       -2.9406883800      -22.5421797500
Si             283
        5.3885528650       -1.5943515750      -11.1423767000
Si             284
      -15.7527636000       28.9059761400      -12.1951189900
Si             285
      -27.5675360700       -2.8094345430      -24.0523583800
Si             286
       -5.4560667280        9.0880387010        3.1425712650
Si             287
      -32.3976850500       40.3894253800      -20.2744964400
Si             288
      -23.7099079200       37.4148106600      -10.0619142500
Si             289
      -18.5481526800       11.2057920200      -19.3129633200
Si             290
        4.4280745420       26.7752856100       -3.3745062300
Si             291
      -18.1224669100       35.2601264200       -3.3642552840
Si             292
      -24.3749169200      -21.3515220300      -15.8847356500
Si             293
       18.3535598800       11.7955410100       11.0712482000
Si             294
      -22.9101596400       13.7838993000       26.3353665700
Si             295
        3.1883438930      -19.6491820100       -3.2787159300
Si             296
       -5.8218618390       -3.0839180930       -8.2377314400
Si             297
       -0.4549003960       43.1416822800        6.2414621600
Si             298
        6.7183123640      -11.2597401700       41.4274556000
Si             299
      -26.3990519500       -5.0448092410       35.8142038200
Si             300
      -46.4579466500       17.5693700800       12.6232888100
Si             301
      -21.4709179200      -21.8159389900      -28.1177507700
Si             302
      -13.8830109000       34.0184304600        7.8051842700
Si             303
      -22.1892101800        4.1863778110      -28.8605519300
Si             304
      -13.8321437500        3.5600054520      -19.8197773600
Si             305
      -12.3351011100        6.2389489010      -29.3931881700
Si             306
      -27.1185706500      -16.8076642900      -32.2466331600
Si             307
      -41.7127645400       10.8339841800      -16.3843600200
Si             308
      -18.6046212600       -8.2147506310       34.0468576900
Si             309
      -24.9906969200        7.2106908350        9.2354162800
Si             310
       13.9705450400       28.6049048600        1.1858189400
Si             311
        7.9759102690       40.1903983400      -35.1712412800
Si             312
        6.9831718380       40.9962099500        0.5832538414
Si             313
      -27.8240061200       -6.4340767860      -43.3887012100
Si             314
      -16.3960032900       -2.6816309710        5.6941636630
Si             315
      -13.4688917200       31.5149179000       14.5442332100
Si             316
      -31.4585700700       19.4650032800       19.8995950800
Si             317
      -24.4275354600       -0.8236049044      -10.9373344800
Si             318
       14.1988843600        4.0910676390       -5.0733949530
Si             319
      -19.1440157500       21.7656087300       15.2938699200
Si             320
       33.6472321700      -32.7267556400       35.3909392800
Si             321
        5.1165290840       -5.2967206240       11.5540730900
Si             322
      -16.3287937300      -22.8301253100       -1.9221495350
Si             323
       15.2356478600      -28.8312775900       28.8627638400
Si             324
       13.2333997400       -5.8098796260       35.7685477000
Si             325
      -13.1212075800       -4.7340622380      -11.4283747200
Si             326
      -31.5887002500      -31.0333401200       -3.8143544340
Si             327
       -4.1039046080       -8.6946755180      -26.9019674600
Si             328
      -20.4442135800       -3.7420394770      -18.6973145600
Si             329
      -31.1632187900      -26.3381147400      -36.0996612800
Si             330
      -18.5508397400      -24.1215425100       14.7405762900
Si             331
      -47.3418987100      -22.5727695800      -43.5579056500
Si             332
      -13.4117966600       -8.2238575460       -4.1906487500
Si             333
      -12.6420813000      -12.3814215900       32.0724081400
Si             334
       10.4484486200       10.3650173200       15.4039515100
Si             335
      -27.1150761900      -33.9496722000       -6.6766358340
Si             336
       11.9708303800      -22.8459842800      -20.3342125000
Si             337
      -10.5280199200      -14.5708803900      -23.2841949700
Si             338
       13.0936257900      -18.5987647200        3.5837232480
Si             339
      -13.1144976600      -37.3133388500      -18.0003980000
Si             340
      -14.7145514600       17.4129566700      -47.4956108300
Si             341
       -9.8025631390        3.3604330390        7.2715836970
Si             342
      -28.6603843400      -26.1307341900        1.3636685030
Si             343
        8.6045407250       -1.9509267070       21.0043549500
Si             344
      -10.6427658600       -5.9318665330       -6.7998771290
Si             345
       -4.3407699430       14.1857479900      -18.1688414400
Si             346
      -11.6548474000      -14.3887205300        2.3532249130
Si             347
      -17.4781864400      -29.6703272700       21.9379062600
Si             348
       19.5322711100        6.1170443290      -18.1536993600
Si             349
      -22.3860896200        5.6314021390       21.1381567700
Si             350
       19.7767157300        8.9105456090       22.1482540000
Si             351
      -29.2146535700      -35.8244086600       -9.2162361900
Si             352
      -19.7976969600      -29.8406308400       -0.0466110459
Si             353
      -34.0061946900        6.7650543430        0.1954757534
Si             354
      -24.6393058100      -27.4768624000      -15.2074530300
Si             355
       18.0254963800       17.7746560800       23.2823051100
Si             356
      -22.6292290600       -3.4645016600      -13.1583931700
Si             357
       -5.6883499480       36.9872801700      -32.6575850800
Si             358
      -20.4367640600      -37.1205405900        4.0579070630
Si             359
      -16.5583579500        6.5400972590        5.3619928280
Si             360
       -3.4724406680       21.3434544000        4.0944001910
Si             361
        9.8458858470      -24.5639734600      -14.5423375400
Si             362
      -19.8359355800      -16.0945569800      -19.9532738800
Si             363
      -21.3679938300      -17.7030865900        0.8708075868
Si             364
      -15.6443278300        4.8969080550       -4.9063324090
Si             365
        1.0872849080       13.5408632100       33.1780137200
Si             366
       -7.2592519650      -37.7451708300      -36.5006770100
Si             367
       -0.5806614870      -22.7988485200      -30.0215675600
Si             368
      -22.3290883800      -32.2352101600      -23.0539221700
Si             369
      -23.0976235000      -28.9027220600       20.4143957200
Si             370
       27.1072591500       15.1845718900      -12.2759748800
Si             371
       35.5914195300       -9.8750020100       -0.3122974044
Si             372
      -27.0803230700       36.5055731100       -8.5689638320
Si             373
      -20.1688026600      -11.8975258200      -20.5821180100
Si             374
      -14.0175343800       -5.1689972770       -7.6008625340
Si             375
       12.3691402700       -9.1766648740      -17.0159030500
Si             376
       -4.7959316500       -1.4273075820       15.0450895400
Si             377
      -13.6687460900        0.1201787899      -11.6856897200
Si             378
      -24.0862083700       -3.7042691300      -45.8612486000
Si             379
       -5.5852638940      -14.4376984200       23.3836903700
Si             380
      -32.9154137800      -30.9652016400      -31.5036484800
Si             381
      -10.5911316200       35.0923819300      -19.0287178200
Si             382
       23.4123689800       -5.0404292330       13.0446745100
Si             383
        9.3638128470       14.3230794000        3.7129225820
Si             384
       20.5795265800        3.3362475490      -13.9167761500
Si             385
      -19.4418380400      -17.7158795300       -4.5361294570
Si             386
       17.1701224600      -39.7801526300       27.5586923700
Si             387
       -3.1710610620        7.8817885430       12.9889780400
Si             388
       -2.2744975090       -0.8167753912        2.1228593590
Si             389
        0.9648127088       -1.1942994420       11.9243914300
Si             390
        0.5089711752       23.9281680400      -13.0247110900
Si             391
       34.7762926400       10.2105286900       10.3596558000
Si             392
       24.4879534100      -33.7300925500       -4.0914188460
Si             393
       14.4579590500        4.6664902060        0.2208685433
Si             394
       28.9612714500      -19.2690730600       -7.8707504870
Si             395
      -20.0661903600       17.8716281400        5.4814452330
Si             396
      -13.9480800600        8.2923830400       21.6460259000
Si             397
      -16.1690277400      -18.8746086700      -27.9156987800
Si             398
      -13.5127985200       44.3033577100       -7.6457762920
Si             399
       28.9396813100       12.0695951600        1.6955597590
Si             400
      -40.8014815200        8.5987544660       11.0639780800
Si             401
      -28.7158285700       47.3480498300       24.1248550000
Si             402
       -7.2292069840       -8.4136497910      -11.5002181500
Si             403
        0.2686724135       -1.6783912190       17.2395028800
Si             404
      -24.8911338800       -4.3041015000        8.7537798710
Si             405
       10.1164172700       -0.4680208945        6.7065902200
Si             406
        9.4114069200      -17.8195535200        3.9642693060
Si             407
       -8.6882486090       -7.1947169840        5.7980384890
Si             408
      -16.3294799300       10.8648570800      -30.7777180200
Si             409
       -1.0558466720       33.2367109700      -19.1606485100
Si             410
       -0.5785381257      -19.7038044400       -5.6848758180
Si             411
      -11.5363867800       -9.3704537710       -5.3075560270
Si             412
       30.9080243100       37.7859335000      -25.3971704800
Si             413
        8.2448773190      -20.1382244700       -2.0165462630
Si             414
      -11.4272056800       23.2869457300       14.8540060400
Si             415
       25.1800956100       11.8949226300      -34.8792540800
Si             416
        2.6843180850       17.0875119800        1.3485944310
Si             417
       16.3215515300      -39.8536547800       -5.9692528160
Si             418
      -19.7681192000       20.2853670600       46.0369261300
Si             419
      -10.6096984500       16.3450847800       17.3666544700
Si             420
        1.6696077430       33.4387251200       -0.4992499610
Si             421
       20.2212565100      -13.8859075800       14.8158173900
Si             422
       -7.9175851720       18.2205825600       -7.4009857780
Si             423
        8.2587943230       26.3544464100       13.2726739000
Si             424
        6.3142201530        2.9351773290       28.5491707800
Si             425
      -27.3825980200       24.0522641000       -7.6367897820
Si             426
       -6.6497264120       24.1998692900        8.6870162290
Si             427
      -18.6787622700        7.6711647190      -16.5677066000
Si             428
       41.6474575600       10.0197681200       -5.9312720310
Si             429
        2.7808640080       38.6219821400      -26.4444284900
Si             430
      -16.9957657400       32.3257321600      -22.6645056100
Si             431
        5.4863586450       -5.1235041790       -2.2508113120
Si             432
       16.5840281300       30.8080375600       34.8012210000
Si             433
        9.0091686360       51.4832212000      -37.9647622400
Si             434
        5.8342228790       22.8456771600       -4.8740271950
Si             435
        1.6608460350       24.5838736300        5.3346036960
Si             436
       20.2847128200      -17.0251129000      -30.7869220100
Si             437
       18.1576570700      -21.0001197300       31.5690797500
Si             438
      -25.7960642200       -6.4498044760       23.4565412600
Si             439
       16.6360423000       27.8393347900       -6.7852609060
Si             440
      -15.4262362400        6.6167164320       25.1457906300
Si             441
       -9.1776885580       -6.9502523420      -47.0765286200
Si             442
        4.9014527680       11.9633278700      -42.7087067900
Si             443
      -52.2433318100       -0.2543443123       -9.3325000830
Si             444
       -8.6051906510       25.3633562400      -30.6388078000
Si             445
      -17.9540231300        2.4918869560      -21.3580435100
Si             446
       -5.6589113330        4.3152583790      -35.8471908200
Si             447
       -5.8966443380        5.0031265150      -23.4681286600
Si             448
      -26.3265806100       11.0998871400      -19.3614832000
Si             449
      -16.4915676700      -19.5873412000       12.5062513000
Si             450
        8.9045635970      -11.9256932900       42.0787645700
Si             451
      -23.2720221000       10.6336758500       10.7955242600
Si             452
       18.6924409100      -10.0300529300       -3.3313249210
Si             453
        3.8100036070      -17.6438027500      -19.7131269100
Si             454
      -32.5353844000      -15.7869748200       15.8869966500
Si             455
       -7.1914604970      -29.5517485900       14.4910980200
Si             456
       -5.2746262880       23.8531039500        1.7720982930
Si             457
       30.4847626300      -39.6043256900      -12.5611331900
Si             458
       48.9062604300       44.6245143500       28.1064461100
Si             459
       -2.5076936140        2.8445447210      -15.9139037700
Si             460
      -44.9122257400       -7.3751860020      -15.1399600700
Si             461
      -21.0404505500      -14.2954172500       -1.3737486650
Si             462
       -3.8752556200      -40.2634571900       17.4263758700
Si             463
      -14.0542750800       -2.3071980520        2.7413864480
Si             464
      -13.5489965300        0.3317077968      -16.3497531600
Si             465
       32.8984969200      -41.1198645500       -9.0389406590
Si             466
      -11.5319691800      -29.8934392000       36.3536881500
Si             467
       10.9364418400       17.8136104800      -10.8961929300
Si             468
        2.2653178770      -35.4664518800        7.4345524520
Si             469
      -20.6063522000       12.9335198900      -12.7717388200
Si             470
        1.8600928500        4.7830670970       14.1194064000
Si             471
      -41.1005370800       -8.5045688140        3.3874401870
Si             472
       -0.8001373262       17.3884348500       24.9729768500
Si             473
      -20.2302988600      -37.1311415800       10.7694405300
Si             474
      -10.7162018600      -10.7323174500        6.1313229940
Si             475
      -16.3266498100      -13.1715658900      -19.2890420600
Si             476
       -8.0579961870      -12.2872659200      -35.4473799800
Si             477
        0.9212020965        2.6082881910      -10.7552828400
Si             478
       -3.5050196320       15.3954706400      -11.8288128100
Si             479
      -19.0882666500       -3.6383098350      -12.8339681200
Si             480
       11.7475366800      -16.8204284900        4.3166713980
Si             481
       -1.2014519500      -40.6946212800      -19.7007864500
Si             482
      -30.5787383400       -1.1314249770       30.9349708800
Si             483
      -14.7460882600      -22.4208570900       -6.0304119130
Si             484
       -7.3922734080       11.6784083100      -17.1312826300
Si             485
      -11.5467757100       12.0820694400      -35.5638536100
Si             486
       -2.8956339910       -9.6947901940       25.9009593100
Si             487
        8.0787860140      -15.5635608700      -35.0558868600
Si             488
        8.0041989670       29.4174958200       15.4894668700
Si             489
       11.2839694500       30.2895440200       16.6074411500
Si             490
      -10.9401756800       33.0526148700        1.6361766990
Si             491
       -0.1857498481      -31.8604460800       12.5454011300
Si             492
      -14.6664752500       -8.9112373140       -2.2919117020
Si             493
       10.8573975400        0.2913739253       46.8612791200
Si             494
        5.4484082220      -33.2783763800       49.8180327200
Si             495
      -13.3818682900        2.7182647880       27.5949801000
Si             496
      -23.8776520900        7.0070709410        7.1798520590
Si             497
       -6.8070988240       -1.3417790650      -18.6110702500
Si             498
       20.3875108000       18.7320410300       -7.6484888130
Si             499
      -15.6168094200      -26.2057598900        7.1340258770
Si             500
       -0.3069131080      -16.4224810700      -14.4790055400
Si             501
       -9.9547590280       21.9718736800       27.0932605100
Si             502
      -14.5503709700       15.5406592200        6.4329103720
Si             503
       13.4219749100        1.6688298890      -24.0679848900
Si             504
       35.0450489300      -19.7652350500        5.6037481530
Si             505
        1.5854406620      -25.2487516800       -5.7007228200
Si             506
      -20.9313729600        0.0084410436        0.9708057999
Si             507
      -21.1635848100       -9.6301399920      -39.6031491200
Si             508
       -5.9532195150      -26.2145052900      -25.9021323500
Si             509
      -25.6656303800      -16.1783865800       -8.6829698930
Si             510
        6.5684647640       -9.8966488940       11.1410962000
Si             511
       -1.4138893430      -17.8235291000      -17.6442964300
Si             512
       -3.8287214810      -11.1270596700      -21.6324794600
