0.000000000000000000e+00 0.000000000000000000e+00 0.000000000000000000e+00
1.388888888888888812e-02 0.000000000000000000e+00 0.000000000000000000e+00
2.777777777777777624e-02 0.000000000000000000e+00 0.000000000000000000e+00
4.166666666666666435e-02 0.000000000000000000e+00 0.000000000000000000e+00
5.555555555555555247e-02 0.000000000000000000e+00 0.000000000000000000e+00
6.944444444444444753e-02 0.000000000000000000e+00 0.000000000000000000e+00
8.333333333333332871e-02 0.000000000000000000e+00 0.000000000000000000e+00
9.722222222222220989e-02 0.000000000000000000e+00 0.000000000000000000e+00
1.111111111111111049e-01 0.000000000000000000e+00 0.000000000000000000e+00
1.250000000000000000e-01 0.000000000000000000e+00 0.000000000000000000e+00
1.388888888888888951e-01 0.000000000000000000e+00 0.000000000000000000e+00
1.527777777777777624e-01 0.000000000000000000e+00 0.000000000000000000e+00
1.666666666666666574e-01 0.000000000000000000e+00 0.000000000000000000e+00
1.805555555555555525e-01 0.000000000000000000e+00 0.000000000000000000e+00
1.944444444444444198e-01 0.000000000000000000e+00 0.000000000000000000e+00
2.083333333333333148e-01 0.000000000000000000e+00 0.000000000000000000e+00
2.222222222222222099e-01 0.000000000000000000e+00 0.000000000000000000e+00
2.361111111111111049e-01 0.000000000000000000e+00 0.000000000000000000e+00
2.500000000000000000e-01 0.000000000000000000e+00 0.000000000000000000e+00
2.638888888888888951e-01 0.000000000000000000e+00 0.000000000000000000e+00
2.777777777777777901e-01 0.000000000000000000e+00 0.000000000000000000e+00
2.916666666666666297e-01 0.000000000000000000e+00 0.000000000000000000e+00
3.055555555555555247e-01 0.000000000000000000e+00 0.000000000000000000e+00
3.194444444444444198e-01 0.000000000000000000e+00 0.000000000000000000e+00
3.333333333333333148e-01 0.000000000000000000e+00 0.000000000000000000e+00
3.472222222222222099e-01 0.000000000000000000e+00 0.000000000000000000e+00
3.611111111111111049e-01 0.000000000000000000e+00 0.000000000000000000e+00
3.750000000000000000e-01 0.000000000000000000e+00 0.000000000000000000e+00
3.888888888888888395e-01 0.000000000000000000e+00 0.000000000000000000e+00
4.027777777777777346e-01 0.000000000000000000e+00 0.000000000000000000e+00
4.166666666666666297e-01 0.000000000000000000e+00 0.000000000000000000e+00
4.305555555555555247e-01 0.000000000000000000e+00 0.000000000000000000e+00
4.444444444444444198e-01 0.000000000000000000e+00 0.000000000000000000e+00
4.583333333333333148e-01 0.000000000000000000e+00 0.000000000000000000e+00
4.722222222222222099e-01 0.000000000000000000e+00 0.000000000000000000e+00
4.861111111111111049e-01 0.000000000000000000e+00 0.000000000000000000e+00
5.000000000000000000e-01 0.000000000000000000e+00 0.000000000000000000e+00
4.916666666666666408e-01 1.666666666666666644e-02 0.000000000000000000e+00
4.833333333333333370e-01 3.333333333333333287e-02 0.000000000000000000e+00
4.749999999999999778e-01 5.000000000000000278e-02 0.000000000000000000e+00
4.666666666666666741e-01 6.666666666666666574e-02 0.000000000000000000e+00
4.583333333333333148e-01 8.333333333333332871e-02 0.000000000000000000e+00
4.500000000000000111e-01 1.000000000000000056e-01 0.000000000000000000e+00
4.416666666666666519e-01 1.166666666666666685e-01 0.000000000000000000e+00
4.333333333333333481e-01 1.333333333333333315e-01 0.000000000000000000e+00
4.249999999999999889e-01 1.499999999999999944e-01 0.000000000000000000e+00
4.166666666666666297e-01 1.666666666666666574e-01 0.000000000000000000e+00
4.083333333333333259e-01 1.833333333333333481e-01 0.000000000000000000e+00
3.999999999999999667e-01 2.000000000000000111e-01 0.000000000000000000e+00
3.916666666666666630e-01 2.166666666666666741e-01 0.000000000000000000e+00
3.833333333333333037e-01 2.333333333333333370e-01 0.000000000000000000e+00
3.750000000000000000e-01 2.500000000000000000e-01 0.000000000000000000e+00
3.666666666666666408e-01 2.666666666666666630e-01 0.000000000000000000e+00
3.583333333333332815e-01 2.833333333333333259e-01 0.000000000000000000e+00
3.499999999999999778e-01 2.999999999999999889e-01 0.000000000000000000e+00
3.416666666666666741e-01 3.166666666666666519e-01 0.000000000000000000e+00
3.333333333333333148e-01 3.333333333333333148e-01 0.000000000000000000e+00
3.255813953488371770e-01 3.255813953488371770e-01 0.000000000000000000e+00
3.178294573643410947e-01 3.178294573643410947e-01 0.000000000000000000e+00
3.100775193798449569e-01 3.100775193798449569e-01 0.000000000000000000e+00
3.023255813953488191e-01 3.023255813953488191e-01 0.000000000000000000e+00
2.945736434108526813e-01 2.945736434108526813e-01 0.000000000000000000e+00
2.868217054263565435e-01 2.868217054263565435e-01 0.000000000000000000e+00
2.790697674418604612e-01 2.790697674418604612e-01 0.000000000000000000e+00
2.713178294573643234e-01 2.713178294573643234e-01 0.000000000000000000e+00
2.635658914728682412e-01 2.635658914728682412e-01 0.000000000000000000e+00
2.558139534883721034e-01 2.558139534883721034e-01 0.000000000000000000e+00
2.480620155038759655e-01 2.480620155038759655e-01 0.000000000000000000e+00
2.403100775193798277e-01 2.403100775193798277e-01 0.000000000000000000e+00
2.325581395348837177e-01 2.325581395348837177e-01 0.000000000000000000e+00
2.248062015503875799e-01 2.248062015503875799e-01 0.000000000000000000e+00
2.170542635658914699e-01 2.170542635658914699e-01 0.000000000000000000e+00
2.093023255813953321e-01 2.093023255813953321e-01 0.000000000000000000e+00
2.015503875968992220e-01 2.015503875968992220e-01 0.000000000000000000e+00
1.937984496124031120e-01 1.937984496124031120e-01 0.000000000000000000e+00
1.860465116279069742e-01 1.860465116279069742e-01 0.000000000000000000e+00
1.782945736434108364e-01 1.782945736434108364e-01 0.000000000000000000e+00
1.705426356589147263e-01 1.705426356589147263e-01 0.000000000000000000e+00
1.627906976744185885e-01 1.627906976744185885e-01 0.000000000000000000e+00
1.550387596899224785e-01 1.550387596899224785e-01 0.000000000000000000e+00
1.472868217054263407e-01 1.472868217054263407e-01 0.000000000000000000e+00
1.395348837209302029e-01 1.395348837209302029e-01 0.000000000000000000e+00
1.317829457364341206e-01 1.317829457364341206e-01 0.000000000000000000e+00
1.240310077519379828e-01 1.240310077519379828e-01 0.000000000000000000e+00
1.162790697674418450e-01 1.162790697674418450e-01 0.000000000000000000e+00
1.085271317829457349e-01 1.085271317829457349e-01 0.000000000000000000e+00
1.007751937984495971e-01 1.007751937984495971e-01 0.000000000000000000e+00
9.302325581395348708e-02 9.302325581395348708e-02 0.000000000000000000e+00
8.527131782945734928e-02 8.527131782945734928e-02 0.000000000000000000e+00
7.751937984496121148e-02 7.751937984496121148e-02 0.000000000000000000e+00
6.976744186046512919e-02 6.976744186046512919e-02 0.000000000000000000e+00
6.201550387596899139e-02 6.201550387596899139e-02 0.000000000000000000e+00
5.426356589147290910e-02 5.426356589147290910e-02 0.000000000000000000e+00
4.651162790697677130e-02 4.651162790697677130e-02 0.000000000000000000e+00
3.875968992248063349e-02 3.875968992248063349e-02 0.000000000000000000e+00
3.100775193798449569e-02 3.100775193798449569e-02 0.000000000000000000e+00
2.325581395348835789e-02 2.325581395348835789e-02 0.000000000000000000e+00
1.550387596899222009e-02 1.550387596899222009e-02 0.000000000000000000e+00
7.751937984496137801e-03 7.751937984496137801e-03 0.000000000000000000e+00
0.000000000000000000e+00 0.000000000000000000e+00 0.000000000000000000e+00
