0.000000000000000000e+00 0.000000000000000000e+00 0.000000000000000000e+00 1.000000000000000000e+00
3.448275862068965469e-03 0.000000000000000000e+00 0.000000000000000000e+00 1.000000000000000000e+00
6.896551724137930939e-03 0.000000000000000000e+00 0.000000000000000000e+00 1.000000000000000000e+00
1.034482758620689641e-02 0.000000000000000000e+00 0.000000000000000000e+00 1.000000000000000000e+00
1.379310344827586188e-02 0.000000000000000000e+00 0.000000000000000000e+00 1.000000000000000000e+00
1.724137931034482735e-02 0.000000000000000000e+00 0.000000000000000000e+00 1.000000000000000000e+00
2.068965517241379282e-02 0.000000000000000000e+00 0.000000000000000000e+00 1.000000000000000000e+00
2.413793103448275829e-02 0.000000000000000000e+00 0.000000000000000000e+00 1.000000000000000000e+00
2.758620689655172376e-02 0.000000000000000000e+00 0.000000000000000000e+00 1.000000000000000000e+00
3.103448275862068922e-02 0.000000000000000000e+00 0.000000000000000000e+00 1.000000000000000000e+00
3.448275862068965469e-02 0.000000000000000000e+00 0.000000000000000000e+00 1.000000000000000000e+00
3.793103448275862016e-02 0.000000000000000000e+00 0.000000000000000000e+00 1.000000000000000000e+00
4.137931034482758563e-02 0.000000000000000000e+00 0.000000000000000000e+00 1.000000000000000000e+00
4.482758620689655110e-02 0.000000000000000000e+00 0.000000000000000000e+00 1.000000000000000000e+00
4.827586206896551657e-02 0.000000000000000000e+00 0.000000000000000000e+00 1.000000000000000000e+00
5.172413793103448204e-02 0.000000000000000000e+00 0.000000000000000000e+00 1.000000000000000000e+00
5.517241379310344751e-02 0.000000000000000000e+00 0.000000000000000000e+00 1.000000000000000000e+00
5.862068965517241298e-02 0.000000000000000000e+00 0.000000000000000000e+00 1.000000000000000000e+00
6.206896551724137845e-02 0.000000000000000000e+00 0.000000000000000000e+00 1.000000000000000000e+00
6.551724137931033698e-02 0.000000000000000000e+00 0.000000000000000000e+00 1.000000000000000000e+00
6.896551724137930939e-02 0.000000000000000000e+00 0.000000000000000000e+00 1.000000000000000000e+00
7.241379310344828180e-02 0.000000000000000000e+00 0.000000000000000000e+00 1.000000000000000000e+00
7.586206896551724033e-02 0.000000000000000000e+00 0.000000000000000000e+00 1.000000000000000000e+00
7.931034482758619886e-02 0.000000000000000000e+00 0.000000000000000000e+00 1.000000000000000000e+00
8.275862068965517127e-02 0.000000000000000000e+00 0.000000000000000000e+00 1.000000000000000000e+00
8.620689655172414367e-02 0.000000000000000000e+00 0.000000000000000000e+00 1.000000000000000000e+00
8.965517241379310220e-02 0.000000000000000000e+00 0.000000000000000000e+00 1.000000000000000000e+00
9.310344827586206073e-02 0.000000000000000000e+00 0.000000000000000000e+00 1.000000000000000000e+00
9.655172413793103314e-02 0.000000000000000000e+00 0.000000000000000000e+00 1.000000000000000000e+00
1.000000000000000056e-01 0.000000000000000000e+00 0.000000000000000000e+00 1.000000000000000000e+00
1.034482758620689641e-01 0.000000000000000000e+00 0.000000000000000000e+00 1.000000000000000000e+00
1.068965517241379226e-01 0.000000000000000000e+00 0.000000000000000000e+00 1.000000000000000000e+00
1.103448275862068950e-01 0.000000000000000000e+00 0.000000000000000000e+00 1.000000000000000000e+00
1.137931034482758674e-01 0.000000000000000000e+00 0.000000000000000000e+00 1.000000000000000000e+00
1.172413793103448260e-01 0.000000000000000000e+00 0.000000000000000000e+00 1.000000000000000000e+00
1.206896551724137845e-01 0.000000000000000000e+00 0.000000000000000000e+00 1.000000000000000000e+00
1.241379310344827569e-01 0.000000000000000000e+00 0.000000000000000000e+00 1.000000000000000000e+00
1.275862068965517293e-01 0.000000000000000000e+00 0.000000000000000000e+00 1.000000000000000000e+00
1.310344827586206740e-01 0.000000000000000000e+00 0.000000000000000000e+00 1.000000000000000000e+00
1.344827586206896464e-01 0.000000000000000000e+00 0.000000000000000000e+00 1.000000000000000000e+00
1.379310344827586188e-01 0.000000000000000000e+00 0.000000000000000000e+00 1.000000000000000000e+00
1.413793103448275912e-01 0.000000000000000000e+00 0.000000000000000000e+00 1.000000000000000000e+00
1.448275862068965636e-01 0.000000000000000000e+00 0.000000000000000000e+00 1.000000000000000000e+00
1.482758620689655082e-01 0.000000000000000000e+00 0.000000000000000000e+00 1.000000000000000000e+00
1.517241379310344807e-01 0.000000000000000000e+00 0.000000000000000000e+00 1.000000000000000000e+00
1.551724137931034531e-01 0.000000000000000000e+00 0.000000000000000000e+00 1.000000000000000000e+00
1.586206896551723977e-01 0.000000000000000000e+00 0.000000000000000000e+00 1.000000000000000000e+00
1.620689655172413701e-01 0.000000000000000000e+00 0.000000000000000000e+00 1.000000000000000000e+00
1.655172413793103425e-01 0.000000000000000000e+00 0.000000000000000000e+00 1.000000000000000000e+00
1.689655172413793149e-01 0.000000000000000000e+00 0.000000000000000000e+00 1.000000000000000000e+00
1.724137931034482873e-01 0.000000000000000000e+00 0.000000000000000000e+00 1.000000000000000000e+00
1.758620689655172320e-01 0.000000000000000000e+00 0.000000000000000000e+00 1.000000000000000000e+00
1.793103448275862044e-01 0.000000000000000000e+00 0.000000000000000000e+00 1.000000000000000000e+00
1.827586206896551768e-01 0.000000000000000000e+00 0.000000000000000000e+00 1.000000000000000000e+00
1.862068965517241215e-01 0.000000000000000000e+00 0.000000000000000000e+00 1.000000000000000000e+00
1.896551724137930939e-01 0.000000000000000000e+00 0.000000000000000000e+00 1.000000000000000000e+00
1.931034482758620663e-01 0.000000000000000000e+00 0.000000000000000000e+00 1.000000000000000000e+00
1.965517241379310387e-01 0.000000000000000000e+00 0.000000000000000000e+00 1.000000000000000000e+00
2.000000000000000111e-01 0.000000000000000000e+00 0.000000000000000000e+00 1.000000000000000000e+00
2.034482758620689558e-01 0.000000000000000000e+00 0.000000000000000000e+00 1.000000000000000000e+00
2.068965517241379282e-01 0.000000000000000000e+00 0.000000000000000000e+00 1.000000000000000000e+00
2.103448275862069006e-01 0.000000000000000000e+00 0.000000000000000000e+00 1.000000000000000000e+00
2.137931034482758452e-01 0.000000000000000000e+00 0.000000000000000000e+00 1.000000000000000000e+00
2.172413793103448176e-01 0.000000000000000000e+00 0.000000000000000000e+00 1.000000000000000000e+00
2.206896551724137900e-01 0.000000000000000000e+00 0.000000000000000000e+00 1.000000000000000000e+00
2.241379310344827624e-01 0.000000000000000000e+00 0.000000000000000000e+00 1.000000000000000000e+00
2.275862068965517349e-01 0.000000000000000000e+00 0.000000000000000000e+00 1.000000000000000000e+00
2.310344827586206795e-01 0.000000000000000000e+00 0.000000000000000000e+00 1.000000000000000000e+00
2.344827586206896519e-01 0.000000000000000000e+00 0.000000000000000000e+00 1.000000000000000000e+00
2.379310344827586243e-01 0.000000000000000000e+00 0.000000000000000000e+00 1.000000000000000000e+00
2.413793103448275690e-01 0.000000000000000000e+00 0.000000000000000000e+00 1.000000000000000000e+00
2.448275862068965414e-01 0.000000000000000000e+00 0.000000000000000000e+00 1.000000000000000000e+00
2.482758620689655138e-01 0.000000000000000000e+00 0.000000000000000000e+00 1.000000000000000000e+00
2.517241379310344862e-01 0.000000000000000000e+00 0.000000000000000000e+00 1.000000000000000000e+00
2.551724137931034586e-01 0.000000000000000000e+00 0.000000000000000000e+00 1.000000000000000000e+00
2.586206896551724310e-01 0.000000000000000000e+00 0.000000000000000000e+00 1.000000000000000000e+00
2.620689655172413479e-01 0.000000000000000000e+00 0.000000000000000000e+00 1.000000000000000000e+00
2.655172413793103203e-01 0.000000000000000000e+00 0.000000000000000000e+00 1.000000000000000000e+00
2.689655172413792927e-01 0.000000000000000000e+00 0.000000000000000000e+00 1.000000000000000000e+00
2.724137931034482651e-01 0.000000000000000000e+00 0.000000000000000000e+00 1.000000000000000000e+00
2.758620689655172376e-01 0.000000000000000000e+00 0.000000000000000000e+00 1.000000000000000000e+00
2.793103448275862100e-01 0.000000000000000000e+00 0.000000000000000000e+00 1.000000000000000000e+00
2.827586206896551824e-01 0.000000000000000000e+00 0.000000000000000000e+00 1.000000000000000000e+00
2.862068965517241548e-01 0.000000000000000000e+00 0.000000000000000000e+00 1.000000000000000000e+00
2.896551724137931272e-01 0.000000000000000000e+00 0.000000000000000000e+00 1.000000000000000000e+00
2.931034482758620441e-01 0.000000000000000000e+00 0.000000000000000000e+00 1.000000000000000000e+00
2.965517241379310165e-01 0.000000000000000000e+00 0.000000000000000000e+00 1.000000000000000000e+00
2.999999999999999889e-01 0.000000000000000000e+00 0.000000000000000000e+00 1.000000000000000000e+00
3.034482758620689613e-01 0.000000000000000000e+00 0.000000000000000000e+00 1.000000000000000000e+00
3.068965517241379337e-01 0.000000000000000000e+00 0.000000000000000000e+00 1.000000000000000000e+00
3.103448275862069061e-01 0.000000000000000000e+00 0.000000000000000000e+00 1.000000000000000000e+00
3.137931034482758785e-01 0.000000000000000000e+00 0.000000000000000000e+00 1.000000000000000000e+00
3.172413793103447954e-01 0.000000000000000000e+00 0.000000000000000000e+00 1.000000000000000000e+00
3.206896551724137678e-01 0.000000000000000000e+00 0.000000000000000000e+00 1.000000000000000000e+00
3.241379310344827402e-01 0.000000000000000000e+00 0.000000000000000000e+00 1.000000000000000000e+00
3.275862068965517127e-01 0.000000000000000000e+00 0.000000000000000000e+00 1.000000000000000000e+00
3.310344827586206851e-01 0.000000000000000000e+00 0.000000000000000000e+00 1.000000000000000000e+00
3.344827586206896575e-01 0.000000000000000000e+00 0.000000000000000000e+00 1.000000000000000000e+00
3.379310344827586299e-01 0.000000000000000000e+00 0.000000000000000000e+00 1.000000000000000000e+00
3.413793103448276023e-01 0.000000000000000000e+00 0.000000000000000000e+00 1.000000000000000000e+00
3.448275862068965747e-01 0.000000000000000000e+00 0.000000000000000000e+00 1.000000000000000000e+00
3.482758620689654916e-01 0.000000000000000000e+00 0.000000000000000000e+00 1.000000000000000000e+00
3.517241379310344640e-01 0.000000000000000000e+00 0.000000000000000000e+00 1.000000000000000000e+00
3.551724137931034364e-01 0.000000000000000000e+00 0.000000000000000000e+00 1.000000000000000000e+00
3.586206896551724088e-01 0.000000000000000000e+00 0.000000000000000000e+00 1.000000000000000000e+00
3.620689655172413812e-01 0.000000000000000000e+00 0.000000000000000000e+00 1.000000000000000000e+00
3.655172413793103536e-01 0.000000000000000000e+00 0.000000000000000000e+00 1.000000000000000000e+00
3.689655172413793260e-01 0.000000000000000000e+00 0.000000000000000000e+00 1.000000000000000000e+00
3.724137931034482429e-01 0.000000000000000000e+00 0.000000000000000000e+00 1.000000000000000000e+00
3.758620689655172153e-01 0.000000000000000000e+00 0.000000000000000000e+00 1.000000000000000000e+00
3.793103448275861878e-01 0.000000000000000000e+00 0.000000000000000000e+00 1.000000000000000000e+00
3.827586206896551602e-01 0.000000000000000000e+00 0.000000000000000000e+00 1.000000000000000000e+00
3.862068965517241326e-01 0.000000000000000000e+00 0.000000000000000000e+00 1.000000000000000000e+00
3.896551724137931050e-01 0.000000000000000000e+00 0.000000000000000000e+00 1.000000000000000000e+00
3.931034482758620774e-01 0.000000000000000000e+00 0.000000000000000000e+00 1.000000000000000000e+00
3.965517241379310498e-01 0.000000000000000000e+00 0.000000000000000000e+00 1.000000000000000000e+00
4.000000000000000222e-01 0.000000000000000000e+00 0.000000000000000000e+00 1.000000000000000000e+00
4.034482758620689391e-01 0.000000000000000000e+00 0.000000000000000000e+00 1.000000000000000000e+00
4.068965517241379115e-01 0.000000000000000000e+00 0.000000000000000000e+00 1.000000000000000000e+00
4.103448275862068839e-01 0.000000000000000000e+00 0.000000000000000000e+00 1.000000000000000000e+00
4.137931034482758563e-01 0.000000000000000000e+00 0.000000000000000000e+00 1.000000000000000000e+00
4.172413793103448287e-01 0.000000000000000000e+00 0.000000000000000000e+00 1.000000000000000000e+00
4.206896551724138011e-01 0.000000000000000000e+00 0.000000000000000000e+00 1.000000000000000000e+00
4.241379310344827736e-01 0.000000000000000000e+00 0.000000000000000000e+00 1.000000000000000000e+00
4.275862068965516904e-01 0.000000000000000000e+00 0.000000000000000000e+00 1.000000000000000000e+00
4.310344827586206629e-01 0.000000000000000000e+00 0.000000000000000000e+00 1.000000000000000000e+00
4.344827586206896353e-01 0.000000000000000000e+00 0.000000000000000000e+00 1.000000000000000000e+00
4.379310344827586077e-01 0.000000000000000000e+00 0.000000000000000000e+00 1.000000000000000000e+00
4.413793103448275801e-01 0.000000000000000000e+00 0.000000000000000000e+00 1.000000000000000000e+00
4.448275862068965525e-01 0.000000000000000000e+00 0.000000000000000000e+00 1.000000000000000000e+00
4.482758620689655249e-01 0.000000000000000000e+00 0.000000000000000000e+00 1.000000000000000000e+00
4.517241379310344973e-01 0.000000000000000000e+00 0.000000000000000000e+00 1.000000000000000000e+00
4.551724137931034697e-01 0.000000000000000000e+00 0.000000000000000000e+00 1.000000000000000000e+00
4.586206896551723866e-01 0.000000000000000000e+00 0.000000000000000000e+00 1.000000000000000000e+00
4.620689655172413590e-01 0.000000000000000000e+00 0.000000000000000000e+00 1.000000000000000000e+00
4.655172413793103314e-01 0.000000000000000000e+00 0.000000000000000000e+00 1.000000000000000000e+00
4.689655172413793038e-01 0.000000000000000000e+00 0.000000000000000000e+00 1.000000000000000000e+00
4.724137931034482762e-01 0.000000000000000000e+00 0.000000000000000000e+00 1.000000000000000000e+00
4.758620689655172487e-01 0.000000000000000000e+00 0.000000000000000000e+00 1.000000000000000000e+00
4.793103448275862211e-01 0.000000000000000000e+00 0.000000000000000000e+00 1.000000000000000000e+00
4.827586206896551380e-01 0.000000000000000000e+00 0.000000000000000000e+00 1.000000000000000000e+00
4.862068965517241104e-01 0.000000000000000000e+00 0.000000000000000000e+00 1.000000000000000000e+00
4.896551724137930828e-01 0.000000000000000000e+00 0.000000000000000000e+00 1.000000000000000000e+00
4.931034482758620552e-01 0.000000000000000000e+00 0.000000000000000000e+00 1.000000000000000000e+00
4.965517241379310276e-01 0.000000000000000000e+00 0.000000000000000000e+00 1.000000000000000000e+00
5.000000000000000000e-01 0.000000000000000000e+00 0.000000000000000000e+00 1.000000000000000000e+00
4.980158730158730229e-01 3.968253968253968034e-03 0.000000000000000000e+00 1.000000000000000000e+00
4.960317460317460458e-01 7.936507936507936067e-03 0.000000000000000000e+00 1.000000000000000000e+00
4.940476190476190688e-01 1.190476190476190410e-02 0.000000000000000000e+00 1.000000000000000000e+00
4.920634920634920362e-01 1.587301587301587213e-02 0.000000000000000000e+00 1.000000000000000000e+00
4.900793650793650591e-01 1.984126984126984017e-02 0.000000000000000000e+00 1.000000000000000000e+00
4.880952380952380820e-01 2.380952380952380820e-02 0.000000000000000000e+00 1.000000000000000000e+00
4.861111111111111049e-01 2.777777777777777624e-02 0.000000000000000000e+00 1.000000000000000000e+00
4.841269841269841279e-01 3.174603174603174427e-02 0.000000000000000000e+00 1.000000000000000000e+00
4.821428571428571508e-01 3.571428571428571230e-02 0.000000000000000000e+00 1.000000000000000000e+00
4.801587301587301737e-01 3.968253968253968034e-02 0.000000000000000000e+00 1.000000000000000000e+00
4.781746031746031966e-01 4.365079365079364143e-02 0.000000000000000000e+00 1.000000000000000000e+00
4.761904761904761640e-01 4.761904761904761640e-02 0.000000000000000000e+00 1.000000000000000000e+00
4.742063492063491870e-01 5.158730158730158444e-02 0.000000000000000000e+00 1.000000000000000000e+00
4.722222222222222099e-01 5.555555555555555247e-02 0.000000000000000000e+00 1.000000000000000000e+00
4.702380952380952328e-01 5.952380952380951357e-02 0.000000000000000000e+00 1.000000000000000000e+00
4.682539682539682557e-01 6.349206349206348854e-02 0.000000000000000000e+00 1.000000000000000000e+00
4.662698412698412787e-01 6.746031746031745657e-02 0.000000000000000000e+00 1.000000000000000000e+00
4.642857142857143016e-01 7.142857142857142461e-02 0.000000000000000000e+00 1.000000000000000000e+00
4.623015873015873245e-01 7.539682539682537876e-02 0.000000000000000000e+00 1.000000000000000000e+00
4.603174603174602919e-01 7.936507936507936067e-02 0.000000000000000000e+00 1.000000000000000000e+00
4.583333333333333148e-01 8.333333333333332871e-02 0.000000000000000000e+00 1.000000000000000000e+00
4.563492063492063378e-01 8.730158730158728286e-02 0.000000000000000000e+00 1.000000000000000000e+00
4.543650793650793607e-01 9.126984126984125090e-02 0.000000000000000000e+00 1.000000000000000000e+00
4.523809523809523836e-01 9.523809523809523281e-02 0.000000000000000000e+00 1.000000000000000000e+00
4.503968253968254065e-01 9.920634920634920084e-02 0.000000000000000000e+00 1.000000000000000000e+00
4.484126984126984294e-01 1.031746031746031689e-01 0.000000000000000000e+00 1.000000000000000000e+00
4.464285714285713969e-01 1.071428571428571230e-01 0.000000000000000000e+00 1.000000000000000000e+00
4.444444444444444198e-01 1.111111111111111049e-01 0.000000000000000000e+00 1.000000000000000000e+00
4.424603174603174427e-01 1.150793650793650730e-01 0.000000000000000000e+00 1.000000000000000000e+00
4.404761904761904656e-01 1.190476190476190271e-01 0.000000000000000000e+00 1.000000000000000000e+00
4.384920634920634885e-01 1.230158730158729952e-01 0.000000000000000000e+00 1.000000000000000000e+00
4.365079365079365115e-01 1.269841269841269771e-01 0.000000000000000000e+00 1.000000000000000000e+00
4.345238095238095344e-01 1.309523809523809312e-01 0.000000000000000000e+00 1.000000000000000000e+00
4.325396825396825573e-01 1.349206349206349131e-01 0.000000000000000000e+00 1.000000000000000000e+00
4.305555555555555802e-01 1.388888888888888673e-01 0.000000000000000000e+00 1.000000000000000000e+00
4.285714285714285476e-01 1.428571428571428492e-01 0.000000000000000000e+00 1.000000000000000000e+00
4.265873015873015706e-01 1.468253968253968034e-01 0.000000000000000000e+00 1.000000000000000000e+00
4.246031746031745935e-01 1.507936507936507575e-01 0.000000000000000000e+00 1.000000000000000000e+00
4.226190476190476164e-01 1.547619047619047394e-01 0.000000000000000000e+00 1.000000000000000000e+00
4.206349206349206393e-01 1.587301587301587213e-01 0.000000000000000000e+00 1.000000000000000000e+00
4.186507936507936622e-01 1.626984126984126755e-01 0.000000000000000000e+00 1.000000000000000000e+00
4.166666666666666297e-01 1.666666666666666574e-01 0.000000000000000000e+00 1.000000000000000000e+00
4.146825396825396526e-01 1.706349206349206116e-01 0.000000000000000000e+00 1.000000000000000000e+00
4.126984126984126755e-01 1.746031746031745657e-01 0.000000000000000000e+00 1.000000000000000000e+00
4.107142857142856984e-01 1.785714285714285476e-01 0.000000000000000000e+00 1.000000000000000000e+00
4.087301587301587213e-01 1.825396825396825018e-01 0.000000000000000000e+00 1.000000000000000000e+00
4.067460317460317443e-01 1.865079365079365115e-01 0.000000000000000000e+00 1.000000000000000000e+00
4.047619047619047672e-01 1.904761904761904656e-01 0.000000000000000000e+00 1.000000000000000000e+00
4.027777777777777901e-01 1.944444444444444198e-01 0.000000000000000000e+00 1.000000000000000000e+00
4.007936507936508130e-01 1.984126984126984017e-01 0.000000000000000000e+00 1.000000000000000000e+00
3.988095238095238360e-01 2.023809523809523558e-01 0.000000000000000000e+00 1.000000000000000000e+00
3.968253968253968034e-01 2.063492063492063378e-01 0.000000000000000000e+00 1.000000000000000000e+00
3.948412698412698263e-01 2.103174603174602919e-01 0.000000000000000000e+00 1.000000000000000000e+00
3.928571428571428492e-01 2.142857142857142461e-01 0.000000000000000000e+00 1.000000000000000000e+00
3.908730158730158721e-01 2.182539682539682557e-01 0.000000000000000000e+00 1.000000000000000000e+00
3.888888888888888951e-01 2.222222222222222099e-01 0.000000000000000000e+00 1.000000000000000000e+00
3.869047619047619180e-01 2.261904761904761640e-01 0.000000000000000000e+00 1.000000000000000000e+00
3.849206349206348854e-01 2.301587301587301460e-01 0.000000000000000000e+00 1.000000000000000000e+00
3.829365079365079083e-01 2.341269841269841001e-01 0.000000000000000000e+00 1.000000000000000000e+00
3.809523809523809312e-01 2.380952380952380543e-01 0.000000000000000000e+00 1.000000000000000000e+00
3.789682539682539542e-01 2.420634920634920362e-01 0.000000000000000000e+00 1.000000000000000000e+00
3.769841269841269771e-01 2.460317460317459903e-01 0.000000000000000000e+00 1.000000000000000000e+00
3.750000000000000000e-01 2.500000000000000000e-01 0.000000000000000000e+00 1.000000000000000000e+00
3.730158730158730229e-01 2.539682539682539542e-01 0.000000000000000000e+00 1.000000000000000000e+00
3.710317460317460458e-01 2.579365079365079083e-01 0.000000000000000000e+00 1.000000000000000000e+00
3.690476190476190688e-01 2.619047619047618625e-01 0.000000000000000000e+00 1.000000000000000000e+00
3.670634920634920917e-01 2.658730158730158166e-01 0.000000000000000000e+00 1.000000000000000000e+00
3.650793650793650591e-01 2.698412698412698263e-01 0.000000000000000000e+00 1.000000000000000000e+00
3.630952380952380820e-01 2.738095238095237804e-01 0.000000000000000000e+00 1.000000000000000000e+00
3.611111111111111049e-01 2.777777777777777346e-01 0.000000000000000000e+00 1.000000000000000000e+00
3.591269841269840724e-01 2.817460317460317443e-01 0.000000000000000000e+00 1.000000000000000000e+00
3.571428571428570953e-01 2.857142857142856984e-01 0.000000000000000000e+00 1.000000000000000000e+00
3.551587301587301182e-01 2.896825396825396526e-01 0.000000000000000000e+00 1.000000000000000000e+00
3.531746031746031411e-01 2.936507936507936067e-01 0.000000000000000000e+00 1.000000000000000000e+00
3.511904761904761640e-01 2.976190476190475609e-01 0.000000000000000000e+00 1.000000000000000000e+00
3.492063492063491870e-01 3.015873015873015150e-01 0.000000000000000000e+00 1.000000000000000000e+00
3.472222222222222099e-01 3.055555555555555247e-01 0.000000000000000000e+00 1.000000000000000000e+00
3.452380952380952328e-01 3.095238095238094789e-01 0.000000000000000000e+00 1.000000000000000000e+00
3.432539682539682557e-01 3.134920634920634885e-01 0.000000000000000000e+00 1.000000000000000000e+00
3.412698412698412787e-01 3.174603174603174427e-01 0.000000000000000000e+00 1.000000000000000000e+00
3.392857142857143016e-01 3.214285714285713969e-01 0.000000000000000000e+00 1.000000000000000000e+00
3.373015873015873245e-01 3.253968253968253510e-01 0.000000000000000000e+00 1.000000000000000000e+00
3.353174603174603474e-01 3.293650793650793052e-01 0.000000000000000000e+00 1.000000000000000000e+00
3.333333333333333148e-01 3.333333333333333148e-01 0.000000000000000000e+00 1.000000000000000000e+00
3.313609467455621016e-01 3.313609467455621016e-01 0.000000000000000000e+00 1.000000000000000000e+00
3.293885601577908884e-01 3.293885601577908884e-01 0.000000000000000000e+00 1.000000000000000000e+00
3.274161735700197307e-01 3.274161735700197307e-01 0.000000000000000000e+00 1.000000000000000000e+00
3.254437869822485174e-01 3.254437869822485174e-01 0.000000000000000000e+00 1.000000000000000000e+00
3.234714003944773042e-01 3.234714003944773042e-01 0.000000000000000000e+00 1.000000000000000000e+00
3.214990138067060910e-01 3.214990138067060910e-01 0.000000000000000000e+00 1.000000000000000000e+00
3.195266272189348777e-01 3.195266272189348777e-01 0.000000000000000000e+00 1.000000000000000000e+00
3.175542406311636645e-01 3.175542406311636645e-01 0.000000000000000000e+00 1.000000000000000000e+00
3.155818540433925068e-01 3.155818540433925068e-01 0.000000000000000000e+00 1.000000000000000000e+00
3.136094674556212936e-01 3.136094674556212936e-01 0.000000000000000000e+00 1.000000000000000000e+00
3.116370808678500803e-01 3.116370808678500803e-01 0.000000000000000000e+00 1.000000000000000000e+00
3.096646942800788671e-01 3.096646942800788671e-01 0.000000000000000000e+00 1.000000000000000000e+00
3.076923076923076539e-01 3.076923076923076539e-01 0.000000000000000000e+00 1.000000000000000000e+00
3.057199211045364962e-01 3.057199211045364962e-01 0.000000000000000000e+00 1.000000000000000000e+00
3.037475345167652829e-01 3.037475345167652829e-01 0.000000000000000000e+00 1.000000000000000000e+00
3.017751479289940697e-01 3.017751479289940697e-01 0.000000000000000000e+00 1.000000000000000000e+00
2.998027613412228565e-01 2.998027613412228565e-01 0.000000000000000000e+00 1.000000000000000000e+00
2.978303747534516432e-01 2.978303747534516432e-01 0.000000000000000000e+00 1.000000000000000000e+00
2.958579881656804300e-01 2.958579881656804300e-01 0.000000000000000000e+00 1.000000000000000000e+00
2.938856015779092723e-01 2.938856015779092723e-01 0.000000000000000000e+00 1.000000000000000000e+00
2.919132149901380591e-01 2.919132149901380591e-01 0.000000000000000000e+00 1.000000000000000000e+00
2.899408284023668458e-01 2.899408284023668458e-01 0.000000000000000000e+00 1.000000000000000000e+00
2.879684418145956326e-01 2.879684418145956326e-01 0.000000000000000000e+00 1.000000000000000000e+00
2.859960552268244194e-01 2.859960552268244194e-01 0.000000000000000000e+00 1.000000000000000000e+00
2.840236686390532617e-01 2.840236686390532617e-01 0.000000000000000000e+00 1.000000000000000000e+00
2.820512820512820484e-01 2.820512820512820484e-01 0.000000000000000000e+00 1.000000000000000000e+00
2.800788954635108352e-01 2.800788954635108352e-01 0.000000000000000000e+00 1.000000000000000000e+00
2.781065088757396220e-01 2.781065088757396220e-01 0.000000000000000000e+00 1.000000000000000000e+00
2.761341222879684087e-01 2.761341222879684087e-01 0.000000000000000000e+00 1.000000000000000000e+00
2.741617357001971955e-01 2.741617357001971955e-01 0.000000000000000000e+00 1.000000000000000000e+00
2.721893491124260378e-01 2.721893491124260378e-01 0.000000000000000000e+00 1.000000000000000000e+00
2.702169625246548246e-01 2.702169625246548246e-01 0.000000000000000000e+00 1.000000000000000000e+00
2.682445759368836113e-01 2.682445759368836113e-01 0.000000000000000000e+00 1.000000000000000000e+00
2.662721893491123981e-01 2.662721893491123981e-01 0.000000000000000000e+00 1.000000000000000000e+00
2.642998027613412404e-01 2.642998027613412404e-01 0.000000000000000000e+00 1.000000000000000000e+00
2.623274161735700272e-01 2.623274161735700272e-01 0.000000000000000000e+00 1.000000000000000000e+00
2.603550295857988139e-01 2.603550295857988139e-01 0.000000000000000000e+00 1.000000000000000000e+00
2.583826429980276007e-01 2.583826429980276007e-01 0.000000000000000000e+00 1.000000000000000000e+00
2.564102564102563875e-01 2.564102564102563875e-01 0.000000000000000000e+00 1.000000000000000000e+00
2.544378698224851743e-01 2.544378698224851743e-01 0.000000000000000000e+00 1.000000000000000000e+00
2.524654832347139610e-01 2.524654832347139610e-01 0.000000000000000000e+00 1.000000000000000000e+00
2.504930966469428033e-01 2.504930966469428033e-01 0.000000000000000000e+00 1.000000000000000000e+00
2.485207100591715901e-01 2.485207100591715901e-01 0.000000000000000000e+00 1.000000000000000000e+00
2.465483234714003768e-01 2.465483234714003768e-01 0.000000000000000000e+00 1.000000000000000000e+00
2.445759368836291914e-01 2.445759368836291914e-01 0.000000000000000000e+00 1.000000000000000000e+00
2.426035502958579781e-01 2.426035502958579781e-01 0.000000000000000000e+00 1.000000000000000000e+00
2.406311637080867927e-01 2.406311637080867927e-01 0.000000000000000000e+00 1.000000000000000000e+00
2.386587771203155794e-01 2.386587771203155794e-01 0.000000000000000000e+00 1.000000000000000000e+00
2.366863905325443662e-01 2.366863905325443662e-01 0.000000000000000000e+00 1.000000000000000000e+00
2.347140039447731530e-01 2.347140039447731530e-01 0.000000000000000000e+00 1.000000000000000000e+00
2.327416173570019675e-01 2.327416173570019675e-01 0.000000000000000000e+00 1.000000000000000000e+00
2.307692307692307543e-01 2.307692307692307543e-01 0.000000000000000000e+00 1.000000000000000000e+00
2.287968441814595688e-01 2.287968441814595688e-01 0.000000000000000000e+00 1.000000000000000000e+00
2.268244575936883556e-01 2.268244575936883556e-01 0.000000000000000000e+00 1.000000000000000000e+00
2.248520710059171424e-01 2.248520710059171424e-01 0.000000000000000000e+00 1.000000000000000000e+00
2.228796844181459569e-01 2.228796844181459569e-01 0.000000000000000000e+00 1.000000000000000000e+00
2.209072978303747437e-01 2.209072978303747437e-01 0.000000000000000000e+00 1.000000000000000000e+00
2.189349112426035582e-01 2.189349112426035582e-01 0.000000000000000000e+00 1.000000000000000000e+00
2.169625246548323450e-01 2.169625246548323450e-01 0.000000000000000000e+00 1.000000000000000000e+00
2.149901380670611317e-01 2.149901380670611317e-01 0.000000000000000000e+00 1.000000000000000000e+00
2.130177514792899185e-01 2.130177514792899185e-01 0.000000000000000000e+00 1.000000000000000000e+00
2.110453648915187330e-01 2.110453648915187330e-01 0.000000000000000000e+00 1.000000000000000000e+00
2.090729783037475198e-01 2.090729783037475198e-01 0.000000000000000000e+00 1.000000000000000000e+00
2.071005917159763343e-01 2.071005917159763343e-01 0.000000000000000000e+00 1.000000000000000000e+00
2.051282051282051211e-01 2.051282051282051211e-01 0.000000000000000000e+00 1.000000000000000000e+00
2.031558185404339079e-01 2.031558185404339079e-01 0.000000000000000000e+00 1.000000000000000000e+00
2.011834319526627224e-01 2.011834319526627224e-01 0.000000000000000000e+00 1.000000000000000000e+00
1.992110453648915092e-01 1.992110453648915092e-01 0.000000000000000000e+00 1.000000000000000000e+00
1.972386587771203237e-01 1.972386587771203237e-01 0.000000000000000000e+00 1.000000000000000000e+00
1.952662721893491105e-01 1.952662721893491105e-01 0.000000000000000000e+00 1.000000000000000000e+00
1.932938856015778972e-01 1.932938856015778972e-01 0.000000000000000000e+00 1.000000000000000000e+00
1.913214990138066840e-01 1.913214990138066840e-01 0.000000000000000000e+00 1.000000000000000000e+00
1.893491124260354985e-01 1.893491124260354985e-01 0.000000000000000000e+00 1.000000000000000000e+00
1.873767258382642853e-01 1.873767258382642853e-01 0.000000000000000000e+00 1.000000000000000000e+00
1.854043392504930998e-01 1.854043392504930998e-01 0.000000000000000000e+00 1.000000000000000000e+00
1.834319526627218866e-01 1.834319526627218866e-01 0.000000000000000000e+00 1.000000000000000000e+00
1.814595660749506734e-01 1.814595660749506734e-01 0.000000000000000000e+00 1.000000000000000000e+00
1.794871794871794879e-01 1.794871794871794879e-01 0.000000000000000000e+00 1.000000000000000000e+00
1.775147928994082747e-01 1.775147928994082747e-01 0.000000000000000000e+00 1.000000000000000000e+00
1.755424063116370892e-01 1.755424063116370892e-01 0.000000000000000000e+00 1.000000000000000000e+00
1.735700197238658760e-01 1.735700197238658760e-01 0.000000000000000000e+00 1.000000000000000000e+00
1.715976331360946627e-01 1.715976331360946627e-01 0.000000000000000000e+00 1.000000000000000000e+00
1.696252465483234495e-01 1.696252465483234495e-01 0.000000000000000000e+00 1.000000000000000000e+00
1.676528599605522640e-01 1.676528599605522640e-01 0.000000000000000000e+00 1.000000000000000000e+00
1.656804733727810508e-01 1.656804733727810508e-01 0.000000000000000000e+00 1.000000000000000000e+00
1.637080867850098653e-01 1.637080867850098653e-01 0.000000000000000000e+00 1.000000000000000000e+00
1.617357001972386521e-01 1.617357001972386521e-01 0.000000000000000000e+00 1.000000000000000000e+00
1.597633136094674389e-01 1.597633136094674389e-01 0.000000000000000000e+00 1.000000000000000000e+00
1.577909270216962256e-01 1.577909270216962256e-01 0.000000000000000000e+00 1.000000000000000000e+00
1.558185404339250679e-01 1.558185404339250679e-01 0.000000000000000000e+00 1.000000000000000000e+00
1.538461538461538547e-01 1.538461538461538547e-01 0.000000000000000000e+00 1.000000000000000000e+00
1.518737672583826415e-01 1.518737672583826415e-01 0.000000000000000000e+00 1.000000000000000000e+00
1.499013806706114282e-01 1.499013806706114282e-01 0.000000000000000000e+00 1.000000000000000000e+00
1.479289940828402428e-01 1.479289940828402428e-01 0.000000000000000000e+00 1.000000000000000000e+00
1.459566074950690295e-01 1.459566074950690295e-01 0.000000000000000000e+00 1.000000000000000000e+00
1.439842209072978163e-01 1.439842209072978163e-01 0.000000000000000000e+00 1.000000000000000000e+00
1.420118343195266308e-01 1.420118343195266308e-01 0.000000000000000000e+00 1.000000000000000000e+00
1.400394477317554176e-01 1.400394477317554176e-01 0.000000000000000000e+00 1.000000000000000000e+00
1.380670611439842044e-01 1.380670611439842044e-01 0.000000000000000000e+00 1.000000000000000000e+00
1.360946745562129911e-01 1.360946745562129911e-01 0.000000000000000000e+00 1.000000000000000000e+00
1.341222879684418334e-01 1.341222879684418334e-01 0.000000000000000000e+00 1.000000000000000000e+00
1.321499013806706202e-01 1.321499013806706202e-01 0.000000000000000000e+00 1.000000000000000000e+00
1.301775147928994070e-01 1.301775147928994070e-01 0.000000000000000000e+00 1.000000000000000000e+00
1.282051282051281937e-01 1.282051282051281937e-01 0.000000000000000000e+00 1.000000000000000000e+00
1.262327416173570083e-01 1.262327416173570083e-01 0.000000000000000000e+00 1.000000000000000000e+00
1.242603550295857950e-01 1.242603550295857950e-01 0.000000000000000000e+00 1.000000000000000000e+00
1.222879684418145818e-01 1.222879684418145818e-01 0.000000000000000000e+00 1.000000000000000000e+00
1.203155818540433963e-01 1.203155818540433963e-01 0.000000000000000000e+00 1.000000000000000000e+00
1.183431952662721831e-01 1.183431952662721831e-01 0.000000000000000000e+00 1.000000000000000000e+00
1.163708086785009699e-01 1.163708086785009699e-01 0.000000000000000000e+00 1.000000000000000000e+00
1.143984220907297567e-01 1.143984220907297567e-01 0.000000000000000000e+00 1.000000000000000000e+00
1.124260355029585989e-01 1.124260355029585989e-01 0.000000000000000000e+00 1.000000000000000000e+00
1.104536489151873857e-01 1.104536489151873857e-01 0.000000000000000000e+00 1.000000000000000000e+00
1.084812623274161725e-01 1.084812623274161725e-01 0.000000000000000000e+00 1.000000000000000000e+00
1.065088757396449592e-01 1.065088757396449592e-01 0.000000000000000000e+00 1.000000000000000000e+00
1.045364891518737738e-01 1.045364891518737738e-01 0.000000000000000000e+00 1.000000000000000000e+00
1.025641025641025605e-01 1.025641025641025605e-01 0.000000000000000000e+00 1.000000000000000000e+00
1.005917159763313473e-01 1.005917159763313473e-01 0.000000000000000000e+00 1.000000000000000000e+00
9.861932938856016184e-02 9.861932938856016184e-02 0.000000000000000000e+00 1.000000000000000000e+00
9.664694280078894861e-02 9.664694280078894861e-02 0.000000000000000000e+00 1.000000000000000000e+00
9.467455621301773538e-02 9.467455621301773538e-02 0.000000000000000000e+00 1.000000000000000000e+00
9.270216962524652216e-02 9.270216962524652216e-02 0.000000000000000000e+00 1.000000000000000000e+00
9.072978303747536444e-02 9.072978303747536444e-02 0.000000000000000000e+00 1.000000000000000000e+00
8.875739644970415121e-02 8.875739644970415121e-02 0.000000000000000000e+00 1.000000000000000000e+00
8.678500986193293798e-02 8.678500986193293798e-02 0.000000000000000000e+00 1.000000000000000000e+00
8.481262327416172475e-02 8.481262327416172475e-02 0.000000000000000000e+00 1.000000000000000000e+00
8.284023668639056703e-02 8.284023668639056703e-02 0.000000000000000000e+00 1.000000000000000000e+00
8.086785009861935380e-02 8.086785009861935380e-02 0.000000000000000000e+00 1.000000000000000000e+00
7.889546351084814058e-02 7.889546351084814058e-02 0.000000000000000000e+00 1.000000000000000000e+00
7.692307692307692735e-02 7.692307692307692735e-02 0.000000000000000000e+00 1.000000000000000000e+00
7.495069033530571412e-02 7.495069033530571412e-02 0.000000000000000000e+00 1.000000000000000000e+00
7.297830374753450089e-02 7.297830374753450089e-02 0.000000000000000000e+00 1.000000000000000000e+00
7.100591715976328766e-02 7.100591715976328766e-02 0.000000000000000000e+00 1.000000000000000000e+00
6.903353057199212994e-02 6.903353057199212994e-02 0.000000000000000000e+00 1.000000000000000000e+00
6.706114398422091671e-02 6.706114398422091671e-02 0.000000000000000000e+00 1.000000000000000000e+00
6.508875739644970349e-02 6.508875739644970349e-02 0.000000000000000000e+00 1.000000000000000000e+00
6.311637080867849026e-02 6.311637080867849026e-02 0.000000000000000000e+00 1.000000000000000000e+00
6.114398422090733254e-02 6.114398422090733254e-02 0.000000000000000000e+00 1.000000000000000000e+00
5.917159763313611931e-02 5.917159763313611931e-02 0.000000000000000000e+00 1.000000000000000000e+00
5.719921104536490608e-02 5.719921104536490608e-02 0.000000000000000000e+00 1.000000000000000000e+00
5.522682445759369285e-02 5.522682445759369285e-02 0.000000000000000000e+00 1.000000000000000000e+00
5.325443786982247962e-02 5.325443786982247962e-02 0.000000000000000000e+00 1.000000000000000000e+00
5.128205128205126639e-02 5.128205128205126639e-02 0.000000000000000000e+00 1.000000000000000000e+00
4.930966469428005317e-02 4.930966469428005317e-02 0.000000000000000000e+00 1.000000000000000000e+00
4.733727810650889545e-02 4.733727810650889545e-02 0.000000000000000000e+00 1.000000000000000000e+00
4.536489151873768222e-02 4.536489151873768222e-02 0.000000000000000000e+00 1.000000000000000000e+00
4.339250493096646899e-02 4.339250493096646899e-02 0.000000000000000000e+00 1.000000000000000000e+00
4.142011834319525576e-02 4.142011834319525576e-02 0.000000000000000000e+00 1.000000000000000000e+00
3.944773175542409804e-02 3.944773175542409804e-02 0.000000000000000000e+00 1.000000000000000000e+00
3.747534516765288481e-02 3.747534516765288481e-02 0.000000000000000000e+00 1.000000000000000000e+00
3.550295857988167159e-02 3.550295857988167159e-02 0.000000000000000000e+00 1.000000000000000000e+00
3.353057199211045836e-02 3.353057199211045836e-02 0.000000000000000000e+00 1.000000000000000000e+00
3.155818540433924513e-02 3.155818540433924513e-02 0.000000000000000000e+00 1.000000000000000000e+00
2.958579881656803190e-02 2.958579881656803190e-02 0.000000000000000000e+00 1.000000000000000000e+00
2.761341222879681867e-02 2.761341222879681867e-02 0.000000000000000000e+00 1.000000000000000000e+00
2.564102564102566095e-02 2.564102564102566095e-02 0.000000000000000000e+00 1.000000000000000000e+00
2.366863905325444772e-02 2.366863905325444772e-02 0.000000000000000000e+00 1.000000000000000000e+00
2.169625246548323450e-02 2.169625246548323450e-02 0.000000000000000000e+00 1.000000000000000000e+00
1.972386587771202127e-02 1.972386587771202127e-02 0.000000000000000000e+00 1.000000000000000000e+00
1.775147928994086355e-02 1.775147928994086355e-02 0.000000000000000000e+00 1.000000000000000000e+00
1.577909270216965032e-02 1.577909270216965032e-02 0.000000000000000000e+00 1.000000000000000000e+00
1.380670611439843709e-02 1.380670611439843709e-02 0.000000000000000000e+00 1.000000000000000000e+00
1.183431952662722386e-02 1.183431952662722386e-02 0.000000000000000000e+00 1.000000000000000000e+00
9.861932938856010633e-03 9.861932938856010633e-03 0.000000000000000000e+00 1.000000000000000000e+00
7.889546351084797404e-03 7.889546351084797404e-03 0.000000000000000000e+00 1.000000000000000000e+00
5.917159763313584175e-03 5.917159763313584175e-03 0.000000000000000000e+00 1.000000000000000000e+00
3.944773175542426458e-03 3.944773175542426458e-03 0.000000000000000000e+00 1.000000000000000000e+00
1.972386587771213229e-03 1.972386587771213229e-03 0.000000000000000000e+00 1.000000000000000000e+00
0.000000000000000000e+00 0.000000000000000000e+00 0.000000000000000000e+00 1.000000000000000000e+00
