0.000000000000000000e+00 0.000000000000000000e+00 0.000000000000000000e+00 1.000000000000000000e+00
1.020408163265306041e-02 0.000000000000000000e+00 1.020408163265306041e-02 1.000000000000000000e+00
2.040816326530612082e-02 0.000000000000000000e+00 2.040816326530612082e-02 1.000000000000000000e+00
3.061224489795918297e-02 0.000000000000000000e+00 3.061224489795918297e-02 1.000000000000000000e+00
4.081632653061224164e-02 0.000000000000000000e+00 4.081632653061224164e-02 1.000000000000000000e+00
5.102040816326530032e-02 0.000000000000000000e+00 5.102040816326530032e-02 1.000000000000000000e+00
6.122448979591836593e-02 0.000000000000000000e+00 6.122448979591836593e-02 1.000000000000000000e+00
7.142857142857142461e-02 0.000000000000000000e+00 7.142857142857142461e-02 1.000000000000000000e+00
8.163265306122448328e-02 0.000000000000000000e+00 8.163265306122448328e-02 1.000000000000000000e+00
9.183673469387754196e-02 0.000000000000000000e+00 9.183673469387754196e-02 1.000000000000000000e+00
1.020408163265306006e-01 0.000000000000000000e+00 1.020408163265306006e-01 1.000000000000000000e+00
1.122448979591836593e-01 0.000000000000000000e+00 1.122448979591836593e-01 1.000000000000000000e+00
1.224489795918367319e-01 0.000000000000000000e+00 1.224489795918367319e-01 1.000000000000000000e+00
1.326530612244897767e-01 0.000000000000000000e+00 1.326530612244897767e-01 1.000000000000000000e+00
1.428571428571428492e-01 0.000000000000000000e+00 1.428571428571428492e-01 1.000000000000000000e+00
1.530612244897958940e-01 0.000000000000000000e+00 1.530612244897958940e-01 1.000000000000000000e+00
1.632653061224489666e-01 0.000000000000000000e+00 1.632653061224489666e-01 1.000000000000000000e+00
1.734693877551020391e-01 0.000000000000000000e+00 1.734693877551020391e-01 1.000000000000000000e+00
1.836734693877550839e-01 0.000000000000000000e+00 1.836734693877550839e-01 1.000000000000000000e+00
1.938775510204081565e-01 0.000000000000000000e+00 1.938775510204081565e-01 1.000000000000000000e+00
2.040816326530612013e-01 0.000000000000000000e+00 2.040816326530612013e-01 1.000000000000000000e+00
2.142857142857142738e-01 0.000000000000000000e+00 2.142857142857142738e-01 1.000000000000000000e+00
2.244897959183673186e-01 0.000000000000000000e+00 2.244897959183673186e-01 1.000000000000000000e+00
2.346938775510203912e-01 0.000000000000000000e+00 2.346938775510203912e-01 1.000000000000000000e+00
2.448979591836734637e-01 0.000000000000000000e+00 2.448979591836734637e-01 1.000000000000000000e+00
2.551020408163265363e-01 0.000000000000000000e+00 2.551020408163265363e-01 1.000000000000000000e+00
2.653061224489795533e-01 0.000000000000000000e+00 2.653061224489795533e-01 1.000000000000000000e+00
2.755102040816326259e-01 0.000000000000000000e+00 2.755102040816326259e-01 1.000000000000000000e+00
2.857142857142856984e-01 0.000000000000000000e+00 2.857142857142856984e-01 1.000000000000000000e+00
2.959183673469387710e-01 0.000000000000000000e+00 2.959183673469387710e-01 1.000000000000000000e+00
3.061224489795917880e-01 0.000000000000000000e+00 3.061224489795917880e-01 1.000000000000000000e+00
3.163265306122448606e-01 0.000000000000000000e+00 3.163265306122448606e-01 1.000000000000000000e+00
3.265306122448979331e-01 0.000000000000000000e+00 3.265306122448979331e-01 1.000000000000000000e+00
3.367346938775510057e-01 0.000000000000000000e+00 3.367346938775510057e-01 1.000000000000000000e+00
3.469387755102040782e-01 0.000000000000000000e+00 3.469387755102040782e-01 1.000000000000000000e+00
3.571428571428570953e-01 0.000000000000000000e+00 3.571428571428570953e-01 1.000000000000000000e+00
3.673469387755101678e-01 0.000000000000000000e+00 3.673469387755101678e-01 1.000000000000000000e+00
3.775510204081632404e-01 0.000000000000000000e+00 3.775510204081632404e-01 1.000000000000000000e+00
3.877551020408163129e-01 0.000000000000000000e+00 3.877551020408163129e-01 1.000000000000000000e+00
3.979591836734693300e-01 0.000000000000000000e+00 3.979591836734693300e-01 1.000000000000000000e+00
4.081632653061224025e-01 0.000000000000000000e+00 4.081632653061224025e-01 1.000000000000000000e+00
4.183673469387754751e-01 0.000000000000000000e+00 4.183673469387754751e-01 1.000000000000000000e+00
4.285714285714285476e-01 0.000000000000000000e+00 4.285714285714285476e-01 1.000000000000000000e+00
4.387755102040816202e-01 0.000000000000000000e+00 4.387755102040816202e-01 1.000000000000000000e+00
4.489795918367346372e-01 0.000000000000000000e+00 4.489795918367346372e-01 1.000000000000000000e+00
4.591836734693877098e-01 0.000000000000000000e+00 4.591836734693877098e-01 1.000000000000000000e+00
4.693877551020407823e-01 0.000000000000000000e+00 4.693877551020407823e-01 1.000000000000000000e+00
4.795918367346938549e-01 0.000000000000000000e+00 4.795918367346938549e-01 1.000000000000000000e+00
4.897959183673469274e-01 0.000000000000000000e+00 4.897959183673469274e-01 1.000000000000000000e+00
5.000000000000000000e-01 0.000000000000000000e+00 5.000000000000000000e-01 1.000000000000000000e+00
5.073529411764705621e-01 1.470588235294117627e-02 5.073529411764705621e-01 1.000000000000000000e+00
5.147058823529411242e-01 2.941176470588235253e-02 5.147058823529411242e-01 1.000000000000000000e+00
5.220588235294117974e-01 4.411764705882352533e-02 5.220588235294117974e-01 1.000000000000000000e+00
5.294117647058823595e-01 5.882352941176470507e-02 5.294117647058823595e-01 1.000000000000000000e+00
5.367647058823529216e-01 7.352941176470588480e-02 5.367647058823529216e-01 1.000000000000000000e+00
5.441176470588234837e-01 8.823529411764705066e-02 5.441176470588234837e-01 1.000000000000000000e+00
5.514705882352941568e-01 1.029411764705882304e-01 5.514705882352941568e-01 1.000000000000000000e+00
5.588235294117647189e-01 1.176470588235294101e-01 5.588235294117647189e-01 1.000000000000000000e+00
5.661764705882352811e-01 1.323529411764705899e-01 5.661764705882352811e-01 1.000000000000000000e+00
5.735294117647058432e-01 1.470588235294117696e-01 5.735294117647058432e-01 1.000000000000000000e+00
5.808823529411765163e-01 1.617647058823529493e-01 5.808823529411765163e-01 1.000000000000000000e+00
5.882352941176470784e-01 1.764705882352941013e-01 5.882352941176470784e-01 1.000000000000000000e+00
5.955882352941176405e-01 1.911764705882352811e-01 5.955882352941176405e-01 1.000000000000000000e+00
6.029411764705882026e-01 2.058823529411764608e-01 6.029411764705882026e-01 1.000000000000000000e+00
6.102941176470588758e-01 2.205882352941176405e-01 6.102941176470588758e-01 1.000000000000000000e+00
6.176470588235294379e-01 2.352941176470588203e-01 6.176470588235294379e-01 1.000000000000000000e+00
6.250000000000000000e-01 2.500000000000000000e-01 6.250000000000000000e-01 1.000000000000000000e+00
6.132075471698112956e-01 2.452830188679245293e-01 6.132075471698112956e-01 1.000000000000000000e+00
6.014150943396225912e-01 2.405660377358490587e-01 6.014150943396225912e-01 1.000000000000000000e+00
5.896226415094339979e-01 2.358490566037735880e-01 5.896226415094339979e-01 1.000000000000000000e+00
5.778301886792452935e-01 2.311320754716981174e-01 5.778301886792452935e-01 1.000000000000000000e+00
5.660377358490565891e-01 2.264150943396226467e-01 5.660377358490565891e-01 1.000000000000000000e+00
5.542452830188678847e-01 2.216981132075471761e-01 5.542452830188678847e-01 1.000000000000000000e+00
5.424528301886792914e-01 2.169811320754717054e-01 5.424528301886792914e-01 1.000000000000000000e+00
5.306603773584905870e-01 2.122641509433962348e-01 5.306603773584905870e-01 1.000000000000000000e+00
5.188679245283018826e-01 2.075471698113207641e-01 5.188679245283018826e-01 1.000000000000000000e+00
5.070754716981131782e-01 2.028301886792452935e-01 5.070754716981131782e-01 1.000000000000000000e+00
4.952830188679245293e-01 1.981132075471698228e-01 4.952830188679245293e-01 1.000000000000000000e+00
4.834905660377358805e-01 1.933962264150943522e-01 4.834905660377358805e-01 1.000000000000000000e+00
4.716981132075471761e-01 1.886792452830188815e-01 4.716981132075471761e-01 1.000000000000000000e+00
4.599056603773584717e-01 1.839622641509434109e-01 4.599056603773584717e-01 1.000000000000000000e+00
4.481132075471698228e-01 1.792452830188679402e-01 4.481132075471698228e-01 1.000000000000000000e+00
4.363207547169811740e-01 1.745283018867924696e-01 4.363207547169811740e-01 1.000000000000000000e+00
4.245283018867924696e-01 1.698113207547169989e-01 4.245283018867924696e-01 1.000000000000000000e+00
4.127358490566037652e-01 1.650943396226415283e-01 4.127358490566037652e-01 1.000000000000000000e+00
4.009433962264151163e-01 1.603773584905660576e-01 4.009433962264151163e-01 1.000000000000000000e+00
3.891509433962264675e-01 1.556603773584905870e-01 3.891509433962264675e-01 1.000000000000000000e+00
3.773584905660377631e-01 1.509433962264151163e-01 3.773584905660377631e-01 1.000000000000000000e+00
3.655660377358490587e-01 1.462264150943396457e-01 3.655660377358490587e-01 1.000000000000000000e+00
3.537735849056604098e-01 1.415094339622641750e-01 3.537735849056604098e-01 1.000000000000000000e+00
3.419811320754717054e-01 1.367924528301886766e-01 3.419811320754717054e-01 1.000000000000000000e+00
3.301886792452830011e-01 1.320754716981132060e-01 3.301886792452830011e-01 1.000000000000000000e+00
3.183962264150943522e-01 1.273584905660377353e-01 3.183962264150943522e-01 1.000000000000000000e+00
3.066037735849056478e-01 1.226415094339622647e-01 3.066037735849056478e-01 1.000000000000000000e+00
2.948113207547169989e-01 1.179245283018867940e-01 2.948113207547169989e-01 1.000000000000000000e+00
2.830188679245282946e-01 1.132075471698113234e-01 2.830188679245282946e-01 1.000000000000000000e+00
2.712264150943396457e-01 1.084905660377358527e-01 2.712264150943396457e-01 1.000000000000000000e+00
2.594339622641509413e-01 1.037735849056603821e-01 2.594339622641509413e-01 1.000000000000000000e+00
2.476415094339622924e-01 9.905660377358491142e-02 2.476415094339622924e-01 1.000000000000000000e+00
2.358490566037735880e-01 9.433962264150944077e-02 2.358490566037735880e-01 1.000000000000000000e+00
2.240566037735849392e-01 8.962264150943397012e-02 2.240566037735849392e-01 1.000000000000000000e+00
2.122641509433962348e-01 8.490566037735849947e-02 2.122641509433962348e-01 1.000000000000000000e+00
2.004716981132075859e-01 8.018867924528302882e-02 2.004716981132075859e-01 1.000000000000000000e+00
1.886792452830188815e-01 7.547169811320755817e-02 1.886792452830188815e-01 1.000000000000000000e+00
1.768867924528302327e-01 7.075471698113208752e-02 1.768867924528302327e-01 1.000000000000000000e+00
1.650943396226415283e-01 6.603773584905661687e-02 1.650943396226415283e-01 1.000000000000000000e+00
1.533018867924528794e-01 6.132075471698114622e-02 1.533018867924528794e-01 1.000000000000000000e+00
1.415094339622641750e-01 5.660377358490567556e-02 1.415094339622641750e-01 1.000000000000000000e+00
1.297169811320755262e-01 5.188679245283020491e-02 1.297169811320755262e-01 1.000000000000000000e+00
1.179245283018868218e-01 4.716981132075473426e-02 1.179245283018868218e-01 1.000000000000000000e+00
1.061320754716981174e-01 4.245283018867926361e-02 1.061320754716981174e-01 1.000000000000000000e+00
9.433962264150952404e-02 3.773584905660379296e-02 9.433962264150952404e-02 1.000000000000000000e+00
8.254716981132081965e-02 3.301886792452832231e-02 8.254716981132081965e-02 1.000000000000000000e+00
7.075471698113211527e-02 2.830188679245285166e-02 7.075471698113211527e-02 1.000000000000000000e+00
5.896226415094341089e-02 2.358490566037735325e-02 5.896226415094341089e-02 1.000000000000000000e+00
4.716981132075470651e-02 1.886792452830188260e-02 4.716981132075470651e-02 1.000000000000000000e+00
3.537735849056600212e-02 1.415094339622641195e-02 3.537735849056600212e-02 1.000000000000000000e+00
2.358490566037740876e-02 9.433962264150941301e-03 2.358490566037740876e-02 1.000000000000000000e+00
1.179245283018870438e-02 4.716981132075470651e-03 1.179245283018870438e-02 1.000000000000000000e+00
0.000000000000000000e+00 0.000000000000000000e+00 0.000000000000000000e+00 1.000000000000000000e+00
1.136363636363636395e-02 1.136363636363636395e-02 1.136363636363636395e-02 1.000000000000000000e+00
2.272727272727272790e-02 2.272727272727272790e-02 2.272727272727272790e-02 1.000000000000000000e+00
3.409090909090908839e-02 3.409090909090908839e-02 3.409090909090908839e-02 1.000000000000000000e+00
4.545454545454545581e-02 4.545454545454545581e-02 4.545454545454545581e-02 1.000000000000000000e+00
5.681818181818182323e-02 5.681818181818182323e-02 5.681818181818182323e-02 1.000000000000000000e+00
6.818181818181817677e-02 6.818181818181817677e-02 6.818181818181817677e-02 1.000000000000000000e+00
7.954545454545454419e-02 7.954545454545454419e-02 7.954545454545454419e-02 1.000000000000000000e+00
9.090909090909091161e-02 9.090909090909091161e-02 9.090909090909091161e-02 1.000000000000000000e+00
1.022727272727272790e-01 1.022727272727272790e-01 1.022727272727272790e-01 1.000000000000000000e+00
1.136363636363636465e-01 1.136363636363636465e-01 1.136363636363636465e-01 1.000000000000000000e+00
1.250000000000000000e-01 1.250000000000000000e-01 1.250000000000000000e-01 1.000000000000000000e+00
1.363636363636363535e-01 1.363636363636363535e-01 1.363636363636363535e-01 1.000000000000000000e+00
1.477272727272727348e-01 1.477272727272727348e-01 1.477272727272727348e-01 1.000000000000000000e+00
1.590909090909090884e-01 1.590909090909090884e-01 1.590909090909090884e-01 1.000000000000000000e+00
1.704545454545454697e-01 1.704545454545454697e-01 1.704545454545454697e-01 1.000000000000000000e+00
1.818181818181818232e-01 1.818181818181818232e-01 1.818181818181818232e-01 1.000000000000000000e+00
1.931818181818181768e-01 1.931818181818181768e-01 1.931818181818181768e-01 1.000000000000000000e+00
2.045454545454545581e-01 2.045454545454545581e-01 2.045454545454545581e-01 1.000000000000000000e+00
2.159090909090909116e-01 2.159090909090909116e-01 2.159090909090909116e-01 1.000000000000000000e+00
2.272727272727272929e-01 2.272727272727272929e-01 2.272727272727272929e-01 1.000000000000000000e+00
2.386363636363636465e-01 2.386363636363636465e-01 2.386363636363636465e-01 1.000000000000000000e+00
2.500000000000000000e-01 2.500000000000000000e-01 2.500000000000000000e-01 1.000000000000000000e+00
2.613636363636363535e-01 2.613636363636363535e-01 2.613636363636363535e-01 1.000000000000000000e+00
2.727272727272727071e-01 2.727272727272727071e-01 2.727272727272727071e-01 1.000000000000000000e+00
2.840909090909091161e-01 2.840909090909091161e-01 2.840909090909091161e-01 1.000000000000000000e+00
2.954545454545454697e-01 2.954545454545454697e-01 2.954545454545454697e-01 1.000000000000000000e+00
3.068181818181818232e-01 3.068181818181818232e-01 3.068181818181818232e-01 1.000000000000000000e+00
3.181818181818181768e-01 3.181818181818181768e-01 3.181818181818181768e-01 1.000000000000000000e+00
3.295454545454545303e-01 3.295454545454545303e-01 3.295454545454545303e-01 1.000000000000000000e+00
3.409090909090909394e-01 3.409090909090909394e-01 3.409090909090909394e-01 1.000000000000000000e+00
3.522727272727272929e-01 3.522727272727272929e-01 3.522727272727272929e-01 1.000000000000000000e+00
3.636363636363636465e-01 3.636363636363636465e-01 3.636363636363636465e-01 1.000000000000000000e+00
3.750000000000000000e-01 3.750000000000000000e-01 3.750000000000000000e-01 1.000000000000000000e+00
3.863636363636363535e-01 3.863636363636363535e-01 3.863636363636363535e-01 1.000000000000000000e+00
3.977272727272727626e-01 3.977272727272727626e-01 3.977272727272727626e-01 1.000000000000000000e+00
4.090909090909091161e-01 4.090909090909091161e-01 4.090909090909091161e-01 1.000000000000000000e+00
4.204545454545454697e-01 4.204545454545454697e-01 4.204545454545454697e-01 1.000000000000000000e+00
4.318181818181818232e-01 4.318181818181818232e-01 4.318181818181818232e-01 1.000000000000000000e+00
4.431818181818181768e-01 4.431818181818181768e-01 4.431818181818181768e-01 1.000000000000000000e+00
4.545454545454545858e-01 4.545454545454545858e-01 4.545454545454545858e-01 1.000000000000000000e+00
4.659090909090909394e-01 4.659090909090909394e-01 4.659090909090909394e-01 1.000000000000000000e+00
4.772727272727272929e-01 4.772727272727272929e-01 4.772727272727272929e-01 1.000000000000000000e+00
4.886363636363636465e-01 4.886363636363636465e-01 4.886363636363636465e-01 1.000000000000000000e+00
5.000000000000000000e-01 5.000000000000000000e-01 5.000000000000000000e-01 1.000000000000000000e+00
5.000000000000000000e-01 4.930555555555555802e-01 5.069444444444444198e-01 1.000000000000000000e+00
5.000000000000000000e-01 4.861111111111111049e-01 5.138888888888888395e-01 1.000000000000000000e+00
5.000000000000000000e-01 4.791666666666666852e-01 5.208333333333333703e-01 1.000000000000000000e+00
5.000000000000000000e-01 4.722222222222222099e-01 5.277777777777777901e-01 1.000000000000000000e+00
5.000000000000000000e-01 4.652777777777777901e-01 5.347222222222222099e-01 1.000000000000000000e+00
5.000000000000000000e-01 4.583333333333333148e-01 5.416666666666666297e-01 1.000000000000000000e+00
5.000000000000000000e-01 4.513888888888888951e-01 5.486111111111111605e-01 1.000000000000000000e+00
5.000000000000000000e-01 4.444444444444444198e-01 5.555555555555555802e-01 1.000000000000000000e+00
5.000000000000000000e-01 4.375000000000000000e-01 5.625000000000000000e-01 1.000000000000000000e+00
5.000000000000000000e-01 4.305555555555555802e-01 5.694444444444444198e-01 1.000000000000000000e+00
5.000000000000000000e-01 4.236111111111111049e-01 5.763888888888888395e-01 1.000000000000000000e+00
5.000000000000000000e-01 4.166666666666666852e-01 5.833333333333333703e-01 1.000000000000000000e+00
5.000000000000000000e-01 4.097222222222222099e-01 5.902777777777777901e-01 1.000000000000000000e+00
5.000000000000000000e-01 4.027777777777777901e-01 5.972222222222222099e-01 1.000000000000000000e+00
5.000000000000000000e-01 3.958333333333333703e-01 6.041666666666666297e-01 1.000000000000000000e+00
5.000000000000000000e-01 3.888888888888888951e-01 6.111111111111111605e-01 1.000000000000000000e+00
5.000000000000000000e-01 3.819444444444444198e-01 6.180555555555555802e-01 1.000000000000000000e+00
5.000000000000000000e-01 3.750000000000000000e-01 6.250000000000000000e-01 1.000000000000000000e+00
5.000000000000000000e-01 3.680555555555555802e-01 6.319444444444444198e-01 1.000000000000000000e+00
5.000000000000000000e-01 3.611111111111111049e-01 6.388888888888888395e-01 1.000000000000000000e+00
5.000000000000000000e-01 3.541666666666666852e-01 6.458333333333332593e-01 1.000000000000000000e+00
5.000000000000000000e-01 3.472222222222222099e-01 6.527777777777777901e-01 1.000000000000000000e+00
5.000000000000000000e-01 3.402777777777777901e-01 6.597222222222222099e-01 1.000000000000000000e+00
5.000000000000000000e-01 3.333333333333333703e-01 6.666666666666666297e-01 1.000000000000000000e+00
5.000000000000000000e-01 3.263888888888888951e-01 6.736111111111111605e-01 1.000000000000000000e+00
5.000000000000000000e-01 3.194444444444444198e-01 6.805555555555555802e-01 1.000000000000000000e+00
5.000000000000000000e-01 3.125000000000000000e-01 6.875000000000000000e-01 1.000000000000000000e+00
5.000000000000000000e-01 3.055555555555555802e-01 6.944444444444444198e-01 1.000000000000000000e+00
5.000000000000000000e-01 2.986111111111111605e-01 7.013888888888888395e-01 1.000000000000000000e+00
5.000000000000000000e-01 2.916666666666666852e-01 7.083333333333332593e-01 1.000000000000000000e+00
5.000000000000000000e-01 2.847222222222222099e-01 7.152777777777777901e-01 1.000000000000000000e+00
5.000000000000000000e-01 2.777777777777777901e-01 7.222222222222222099e-01 1.000000000000000000e+00
5.000000000000000000e-01 2.708333333333333703e-01 7.291666666666666297e-01 1.000000000000000000e+00
5.000000000000000000e-01 2.638888888888888951e-01 7.361111111111111605e-01 1.000000000000000000e+00
5.000000000000000000e-01 2.569444444444444198e-01 7.430555555555555802e-01 1.000000000000000000e+00
5.000000000000000000e-01 2.500000000000000000e-01 7.500000000000000000e-01 1.000000000000000000e+00
