# (648,)
0.000000000000000000e+00
0.000000000000000000e+00
0.000000000000000000e+00
1.280809472158316834e-04
9.279788323230449970e-05
1.679499091394018372e-04
2.224506741725953399e-04
2.163032941510778637e-04
2.114148128476527316e-03
2.834880758416814719e-03
1.856419127396249794e-03
1.142772870266701383e-03
3.641115011126102533e-03
2.162729500437298238e-02
1.744956374341605915e-02
9.973339650307872558e-04
5.109758425591156769e-04
7.406993932951545182e-04
7.041871689795978911e-04
2.884873448760919088e-04
1.346847167267561918e-04
5.016061051316474551e-04
2.613889342320226735e-04
1.433188886811786718e-03
1.431507629429142319e-03
3.920798624093827693e-04
2.372705180062866924e-04
3.074262123440272025e-04
1.668697986949610164e-04
3.617724772212975318e-04
1.420974703393374557e-03
2.400580353927615328e-03
2.341301483183826342e-03
1.799064697094101802e-03
5.877905267971456548e-04
3.606223316169085793e-04
2.904846429747332220e-04
7.998324365225753518e-04
7.283051071219974167e-04
4.439586888708149312e-04
5.149731615477966826e-04
1.357449104945235383e-03
9.636272308710041668e-04
1.374545021914365742e-03
1.914837828991963363e-03
1.195100197988708266e-03
5.914715107541364562e-04
7.514653369142416115e-04
1.671030056065979548e-03
1.636287667348452915e-03
3.056991545633583243e-03
2.078765818536661841e-03
1.586372913240257677e-03
7.112357865451184816e-04
5.887772041615062409e-04
5.651232047383252010e-04
5.148636564697189237e-04
5.767181666039926900e-04
4.158148615525634226e-04
2.975485383928658982e-04
3.841062960637238281e-03
4.169901346214872906e-03
5.256371295830936270e-04
1.536420729160226160e-04
1.299994677303698432e-04
1.805851833075757494e-04
2.915071372987064068e-04
1.933285430519012340e-04
6.283049538912069019e-04
4.601263937954352718e-04
3.475842962653811628e-04
3.918046797602873295e-04
3.525118432022510367e-04
2.401527576793663105e-04
5.224681245443933524e-04
3.742197637282711794e-04
5.643552446126685537e-04
7.316053681024507066e-03
7.498834301636974307e-03
3.111520360290420326e-04
1.137214654129812272e-03
1.472257324410919388e-03
1.132841466739987688e-03
6.253062694034812463e-04
7.916963124925458818e-04
6.056182289115481787e-04
2.874484624342013269e-04
5.897065971250301485e-04
4.154500070948126920e-03
4.295057285524827434e-03
5.328819306804755259e-04
5.863113486821485342e-04
6.378638268131281777e-04
7.103057904008762023e-04
4.383051575444055258e-04
7.638539652967263338e-04
4.606232638396476234e-04
1.243893712586992707e-03
6.010756196749584418e-03
5.061303555549059516e-03
5.820618765789211399e-04
5.969229129712981183e-04
1.150176234312830139e-03
7.859657028802529300e-04
1.872379049403174881e-03
1.431625633966544580e-03
3.313184496289945605e-04
3.110410207040982316e-04
2.596709318776662181e-04
6.890856556595442153e-04
4.119279623129391073e-04
3.957556310486170831e-04
8.231265157927640562e-04
1.036922311937556965e-03
1.182117668989716595e-03
1.068861351320518844e-03
1.084215171811035586e-03
8.337931488564955885e-04
6.233285470903157915e-04
4.899873210362059705e-04
5.210527058238232550e-04
5.182178764305054967e-04
6.179251056676673959e-04
6.554127186927244386e-04
4.161471904691516391e-04
6.535808584393202388e-04
5.779432641828195338e-04
2.567715563830248043e-03
1.660441334246223278e-03
7.031317368484207809e-04
1.164316992999873393e-03
6.727011359042901501e-04
1.139634021203073631e-03
8.856672874060036484e-04
1.069454491093730850e-03
7.063986779788274930e-04
9.764113863826922798e-04
5.854357434113883650e-04
6.277030099694314936e-04
3.641356492625281820e-03
3.631973491634157142e-03
3.567401417691235324e-03
5.448152555852954319e-03
1.774757379870537657e-03
1.305633244933920856e-03
1.374333454484631505e-03
1.684529951527754957e-03
3.032089247657571499e-04
1.621109907313018472e-03
1.839824364491683250e-03
1.161060167432745619e-03
1.627100258082494425e-03
1.038431988609856338e-03
8.898814875592361753e-04
1.387981042090649262e-03
1.351474226450583190e-03
1.655550149101699293e-03
1.564614992146344877e-03
2.850176232156279607e-04
1.403553833841999880e-03
1.178974282469385723e-03
3.563517534190344940e-04
3.083006897601733940e-03
4.407967204884018220e-03
3.352750195104779816e-03
2.470525430062259133e-03
5.718296305135466906e-04
3.910134634515249376e-04
3.378473098607704577e-04
5.516650236757833503e-04
1.485317019913604507e-03
2.437701210138643916e-03
1.588791449326180634e-03
5.403882048845963125e-04
1.255546684960574984e-03
8.811539407981727355e-05
1.399910086637404152e-04
3.671617834145964499e-04
4.858831408205340494e-04
2.684405137509419600e-04
3.444464888831819723e-04
8.099293490650097838e-04
1.075454154521727655e-03
6.362272737720811285e-04
4.063648976626136624e-04
5.366152583177857252e-04
4.044211299407386934e-04
2.082808610386307807e-04
4.047673686447642873e-04
3.236362618182016975e-04
1.370318389872408373e-03
1.302562444882885253e-03
6.324329572356869210e-04
5.950052493097959111e-04
1.743640581141396259e-04
3.732555288506269903e-04
1.108143985892572894e-03
7.751796331597826054e-04
4.477107437623224903e-04
3.313278317233352447e-04
3.855598204086443394e-04
2.331874881872027011e-04
2.500894789707097166e-04
2.542075999408389248e-04
7.717914649471198374e-04
8.234077376017024394e-04
2.302587942641065014e-04
4.324907889033741603e-04
3.312607408214151682e-04
2.400265142238067737e-04
3.333307263427153118e-04
5.879580361265222084e-04
4.101834131362704192e-04
3.481216116713875953e-04
4.210310801353871375e-04
5.129630157791960528e-04
4.138238767156318318e-03
3.269500930286746345e-03
1.484994253212816714e-03
1.900991491574133057e-03
7.175181306581954145e-04
1.143248738757665205e-03
4.343116102656384208e-04
1.267806409633181336e-03
1.996844219410942763e-03
5.237472270092523828e-03
3.863901201124475028e-03
1.482847999808082056e-03
1.447125921120533858e-03
7.613883914700200241e-04
9.614681900380847926e-03
1.050889976976489802e-02
1.589039230266980169e-03
7.181836447200724187e-04
2.853461564485226093e-04
4.565130369170483280e-04
1.550019437778299642e-04
3.783675262971132082e-04
1.702095360562848065e-04
1.275968536585304501e-04
1.705896569873228779e-04
8.091801842458476110e-05
5.359965461962927936e-04
5.601165382021164882e-04
6.860536260109097216e-04
7.811809282424566660e-04
3.723429156102354238e-04
4.567107892494089204e-04
1.996831646379071271e-04
2.479841201544402468e-04
5.396141780922985047e-04
6.008802055217090602e-04
1.038199549258363901e-03
7.866425771858568837e-04
1.451218556709455928e-04
1.644798711293459512e-03
1.760172787068714408e-03
4.461074300983928847e-04
6.147148908633007008e-04
5.699397528305046338e-04
1.365538852018417099e-02
1.368576635886832246e-02
5.033133678972144531e-04
7.451533436511224504e-03
7.102418995937009177e-03
1.446963558109052195e-04
3.153922280410011809e-04
2.103362758075704537e-04
3.040461971071476647e-03
3.422977900553192138e-03
1.724473977324400033e-03
2.410488157336115184e-03
6.245359888123115004e-04
3.274827249355511294e-04
1.035029036135154141e-03
9.709226665629627426e-04
9.009424780535656542e-04
5.405636255475335670e-04
6.751945125641170727e-04
5.569316343203354995e-04
6.158238913128549459e-04
3.034259789594295417e-04
3.366746244021834094e-04
4.884600558833276755e-03
4.683748706419467792e-03
2.108295532748070533e-03
1.984512429367151116e-03
3.309272785272134032e-04
3.087329270611814951e-04
2.950559561358340405e-04
5.092183866095091388e-04
2.776127973498969891e-04
1.562117520338746394e-04
1.642725003529028460e-03
4.011559048348615521e-03
1.145208176947341318e-02
9.330403774237043535e-03
9.864435885610124688e-04
4.925596044037018357e-04
3.730301225886179114e-04
1.853950168298627626e-04
2.708279595282331960e-04
2.132521096773329003e-03
3.063451491884333199e-03
1.861668920134310025e-03
9.135914935716574507e-04
7.064760721812706618e-04
7.062973378325012761e-04
1.325862766648230277e-03
9.440275652195547059e-04
2.545550863538853102e-04
1.859637702996359073e-04
2.588365894761734346e-03
2.391191224238724787e-03
7.239083741334263831e-04
3.421194912431757443e-04
4.219476998278762496e-04
2.982366506026399677e-04
1.473273113711540334e-04
2.112613619594735654e-04
1.237308403683339312e-04
3.422283874316475044e-04
5.467638453556106226e-04
3.169929017968477983e-04
2.921609670454748610e-04
2.670017333643144261e-04
2.225081646618982435e-04
1.981791906289877075e-04
3.572827020526464850e-04
3.847130325190979434e-04
2.139086898393671471e-04
1.520872760894387147e-04
4.849666862725282579e-04
6.138620099504626124e-04
5.067239066444214788e-04
2.519888480487346709e-04
1.527129537410472631e-04
1.843529538768306445e-04
3.731687342060917593e-04
4.060145685998320462e-04
1.931042550399318409e-04
3.414431023993893459e-04
4.717084959507377709e-04
4.113824971677548944e-04
4.056102614746143545e-04
4.347026877997595563e-04
7.290449491026843921e-05
1.139255877645612423e-04
1.900555422883226544e-04
5.399378302063588368e-04
6.829631571863164531e-04
2.005734762347752265e-04
1.243353125744463825e-04
5.345004878950100190e-04
4.325756998488491586e-04
1.368946701002847846e-04
8.082027990360319994e-05
1.163058980748911571e-03
1.872824043855169426e-03
1.320792901830175094e-03
9.091902615915714711e-04
1.656212669191993545e-04
1.413124155831650133e-04
4.904394919808839409e-04
1.382197340011212918e-03
1.004964468100373468e-03
5.644707812266537561e-04
5.004154253351240401e-04
3.921737147148005812e-04
4.445589080606580337e-04
1.192571418935801106e-03
1.208141239221289728e-03
2.652359398989406368e-04
1.771503373565188558e-04
1.482763947750704095e-04
1.736440382032743721e-04
4.280711628595232051e-04
5.666127464185044538e-04
3.377527980525717004e-04
1.220664929644867970e-04
1.100342768038180502e-04
2.122894770360565981e-04
1.760015204848227601e-04
1.656935326162228145e-04
4.711143074202110486e-04
1.088079850851430316e-04
4.065663620935742236e-04
5.531099305621193108e-04
4.485554831213283745e-04
5.371716362392811193e-04
1.257543073393117719e-04
3.252340843397193821e-04
4.575539694420646306e-04
3.533113206762395018e-04
3.877087142177651794e-04
1.388419403383244128e-04
1.212668712518219228e-04
2.287467506291793325e-04
1.979387136276303380e-04
8.702354585726085074e-04
9.466708767212489179e-04
2.943629218840990050e-04
1.117860407341170242e-04
1.123146476089404279e-04
1.187436485206612294e-04
2.858246605512682038e-04
3.172060399776739474e-04
1.717209410771719893e-04
9.089256915377083525e-05
9.109616882810218387e-05
1.982811902023847610e-04
5.137539422577824724e-04
5.888915031505676748e-04
5.954757315671194238e-04
4.981543709685762799e-04
8.603818290789212535e-05
1.707808067756775834e-04
9.367131674102829441e-05
9.906217493607945138e-05
9.180236906834992336e-05
1.025074919517135100e-04
5.889952157678147966e-05
1.723115154383154262e-04
1.197405807174395918e-04
5.451458162918205140e-04
2.208291369984460037e-04
3.780366734769545402e-04
1.574482560390181403e-04
1.273572074798321504e-04
2.757597833741464626e-04
3.208359330964572517e-04
9.717534518049164008e-04
5.303629956157582823e-04
5.447968430221440152e-04
2.978905090141013043e-04
5.754353152059462056e-04
5.064362542057347779e-04
6.021965739655943915e-04
4.438841154482572578e-04
2.674297442794532987e-04
1.194598746296090521e-03
1.160072351027764421e-03
7.572200061322606783e-05
1.868567049799618599e-04
4.848589139897816033e-04
1.411190476005379094e-03
1.121602475288674275e-03
1.120960769066800723e-04
7.512555796623993955e-04
7.560757160862465473e-04
1.051845129906119319e-04
1.160013479781503123e-04
9.474525906543512159e-05
7.281454485067595387e-05
1.375874819821376821e-04
1.016620146843067661e-04
1.161839792429168793e-04
3.468743994735589949e-04
3.241166676121858014e-04
1.971870621565887218e-04
2.266296549076561562e-04
7.952350611286107031e-05
9.138482057919284295e-05
7.556770444027808588e-05
8.599070803519436642e-05
1.444805388360816828e-04
1.928279070948019027e-04
7.244468150502954935e-04
6.903495118590959479e-04
1.576891536930820250e-04
1.825394530813907734e-04
3.555571469782192523e-04
5.875705815090112729e-05
3.606606105129232624e-04
1.739341654535953149e-04
8.654229067191061245e-05
2.965131922594615912e-04
2.956160133120087322e-04
9.249601559119550662e-05
7.367454693499718324e-05
5.150291221433004295e-05
6.661641563022408581e-05
1.563914186505412909e-04
2.099085559842274852e-04
3.047262854503961856e-04
4.041966108842352367e-04
3.592358699143326380e-04
1.953382301463998548e-04
1.349841854234463934e-04
1.048944246833142472e-04
1.381237913420144917e-04
1.035535425093757502e-04
7.270457854311337357e-05
3.463715775822964380e-04
3.507408253074104586e-04
1.006578670830697548e-04
9.890079294816377336e-05
1.357315051632505235e-04
2.335485058290168636e-04
1.912048897943999389e-04
6.230629716475778995e-05
1.953151972066835692e-04
9.690527695568020494e-04
1.130518813649242010e-03
1.073403814982695786e-04
3.104865648798160000e-04
3.158651317264713366e-04
2.269293629571060024e-04
3.698836017437425036e-04
2.255624532017041714e-04
1.465311168681634861e-04
1.743467297734114878e-04
6.614467628507700704e-05
4.772830514108456775e-05
1.083685365709403654e-04
2.852264598615464352e-04
2.223857083790635437e-04
2.122585596406596331e-04
1.089533819701565527e-04
7.588504624761439020e-05
9.447566109900417286e-05
7.271685974836623596e-05
8.186781415767417419e-05
6.174933969611591663e-05
4.453997936321137986e-05
1.058239381140163121e-04
1.148754996592606223e-04
4.693786290510446567e-04
4.286587509517447454e-04
1.577447452230086003e-04
8.545068767675046751e-05
2.198818081464931162e-04
2.272545075430293902e-04
2.548345549090704691e-04
1.295841407974639094e-04
2.273504348576081983e-04
1.254514428068097221e-04
1.016124495550138770e-04
1.262775532493645042e-04
1.110965620023511726e-04
9.677019568522037094e-05
1.004246090989762661e-04
6.779445275648541473e-05
1.396635663320062418e-04
2.682006884711423604e-04
3.230076513826012248e-04
1.824068510248909401e-04
1.625638481062564834e-04
1.068744844869815329e-04
1.433701661197844368e-04
9.497832757188657854e-05
8.789372354475497398e-05
1.322405276374408677e-04
7.928155412781720144e-05
1.308407867019743852e-04
1.069813129257271713e-04
1.761768057593673790e-04
2.358953947739045288e-04
2.702154643733096356e-04
9.872956891507132608e-05
1.526019384260020111e-04
4.055665591254331266e-04
3.814750313717824937e-04
1.386861967802832370e-04
1.830542513920819419e-04
1.102488548526113791e-04
6.818395314599230283e-05
3.929113148434279599e-05
1.446147466061190458e-04
1.151888435749361778e-04
1.388488419891991570e-04
1.408903007741180830e-04
1.601165696661219153e-04
9.240934547780875745e-05
9.262486408589842737e-05
5.107157559412717294e-04
4.278206156441590044e-04
1.218704602848912126e-04
4.736672985310025883e-05
5.855609458660720958e-05
7.905250735255984085e-05
2.319916079649070914e-04
2.207965159149784273e-04
1.026244515052766599e-04
8.594896941275435940e-05
5.440319089962839471e-05
8.736795252729218195e-05
9.832053599161313386e-05
6.339200387952429806e-05
6.193613403715280763e-05
1.598357175303999681e-04
1.670815361559399527e-04
5.211438104344880406e-05
1.797722970177034003e-04
2.772450643612393395e-04
1.085532103726346794e-04
7.568099673343524282e-05
3.405236113191510136e-05
4.687525627215304925e-05
1.121270299300108951e-04
2.254361608879051589e-04
2.293115608940208183e-04
3.777357464400395674e-05
2.646285859809595982e-05
5.196174182129555271e-05
4.195618213704167804e-05
3.984663770195412679e-05
8.816095099479839543e-05
6.590782540257348352e-05
7.135737001036132729e-05
6.411049552738712972e-05
5.450127398482840831e-05
6.960910011996853980e-05
4.868296450050803087e-05
5.517015583418941987e-05
5.940188340862008270e-05
4.871410643512706401e-05
2.972501899844635131e-05
4.649334128717346598e-05
8.924590818892786032e-05
5.476563180824484313e-05
9.541653775986762406e-05
2.580749658061463984e-05
8.799835584465476117e-05
8.235711452435475963e-05
2.709242549630812026e-05
9.833058803041241702e-06
8.077570761990632655e-06
2.321797936888008671e-05
1.511856132490111120e-05
1.237822989362331909e-05
6.139469023558315216e-06
3.035954035684603841e-05
3.319363072548546306e-05
9.184563724298334565e-06
9.518697674364089332e-06
2.817692386239222698e-06
6.766802716055609681e-06
3.299033164044491369e-06
1.826893330666926828e-06
4.255165309809876771e-06
5.987858722947033513e-06
3.071108377662724419e-06
2.614707058366556169e-06
5.248718723008153200e-06
1.601252497544676675e-06
6.755861085392472668e-07
2.772183394302122268e-06
