# (648,)
0.000000000000000000e+00
0.000000000000000000e+00
0.000000000000000000e+00
-1.147084349914472476e-05
-7.546089439781716509e-06
-1.119768807245737015e-04
-1.260102850361846183e-04
-5.743099906684960554e-05
1.161750864112869605e-03
8.873164857184186920e-04
-4.938940948348602726e-04
1.215500170310172351e-04
3.347413591579726758e-04
2.615341325540230816e-03
2.634701841720962605e-03
-1.022197575358972351e-03
2.199672600081095013e-04
5.622094868855998006e-04
5.528455105935980518e-04
9.635191323307775498e-05
-1.199857233194431245e-06
-1.298627025906379424e-04
1.567102367275463202e-04
9.872940511453391545e-04
1.424314382801187976e-03
1.059816242632723420e-04
1.431675695706371889e-04
1.547504709512018042e-04
-7.389220271712989673e-05
-2.358466913232538291e-04
6.374017605013530862e-04
1.090446717138346443e-03
-1.594869489578212667e-03
-1.375544186979352603e-03
-1.947447377892959073e-06
-1.947470498358956344e-04
-2.143312558929837553e-04
-1.429460156568779411e-05
1.478979332227737674e-04
-4.278809446404361347e-05
-9.449208279366609067e-05
3.492723451990323628e-04
2.177490014568479260e-04
-1.546786822816744291e-03
-2.108992098699322658e-03
-3.968150934573147102e-04
2.491821325051822014e-04
-3.836540048605850618e-04
-1.020877821758624368e-03
-5.710805271957995624e-04
2.584304246740655193e-03
2.775092385707352612e-03
-2.429884786293668515e-04
1.240982882116632518e-04
1.363915426260383126e-05
-3.169619658086960697e-05
7.548894933969117760e-04
5.839536618648504809e-04
8.092488947842415615e-05
7.403016386821829181e-05
-6.027710192032405528e-04
-7.677587236084087649e-04
-1.263344313659566539e-04
1.306240752898423960e-04
-3.614440017738809188e-05
4.273769429867937486e-05
1.284636827855650321e-04
7.605986190554758074e-06
1.103967406573939144e-04
5.164977634555956160e-05
-4.257269781066812703e-05
6.802503800809322771e-05
2.091940940069218248e-04
1.742638255040613432e-04
-3.290434847515561162e-04
-1.553494318588449015e-04
-1.284860776912604102e-04
1.571559417208246183e-03
1.980914761227421227e-03
1.395500930274651330e-05
-1.952154574016308876e-04
7.616964479972929830e-04
1.312460649224224179e-03
2.394238705972151157e-04
2.633122585125479456e-05
9.854480926835218425e-05
2.149152936726391968e-04
1.549627656890978714e-04
2.562857368345727166e-04
3.279027902192164839e-04
-1.413439884272338516e-04
2.757905689853080343e-05
1.035035196519991266e-05
-1.457075975310435174e-04
-2.785692516375274882e-05
8.551061164278428526e-05
-7.145690495878722964e-05
-6.985204475713937926e-04
1.716382256247400923e-03
2.158856025756079357e-03
-1.185482024205199793e-04
-3.877036767359668908e-04
-2.994538339563287792e-04
-5.560577141474277096e-04
4.055008617053772906e-04
1.755263777939871067e-04
-1.574158965005039833e-04
-1.862907365972156569e-05
-5.381415027438231038e-05
4.080276341106728025e-06
-5.778342806543908516e-05
-2.066422430201242790e-04
-1.556736285233619355e-04
-1.129977093195186919e-04
-2.217705536731833502e-04
-2.177469196068599255e-04
3.754695100712880152e-04
2.177948267083916803e-04
4.909072092056823673e-05
-3.114475172776452121e-04
-1.345584087263526575e-04
-8.012803968731566518e-05
-2.269257913342048153e-04
5.962726505044774455e-04
5.442004242627449450e-04
5.962891881408202612e-04
-8.552131285595712044e-05
-1.516967128618522658e-03
-1.558231829339896870e-03
-4.129416315710294724e-04
-5.340802965601217653e-04
4.207883371855252255e-04
-3.050634037737451820e-04
7.664950588391433684e-04
-2.566770536762836554e-04
-7.218178830120724554e-04
-6.384910723126820294e-04
-2.948374692659807859e-05
1.519022084672670052e-04
3.076060754383148649e-04
8.559701508128855416e-05
-1.583844677777118768e-03
-1.844003520735570858e-03
3.099482317549264284e-05
8.651195596536096107e-04
6.756717518660298061e-04
8.371070841527784075e-04
3.447954340083814065e-05
-1.094955729686442883e-03
8.503263078105601251e-04
-6.253017482009540825e-04
-7.109108543392455703e-05
-6.280761888143589862e-04
-6.019878600225075363e-04
6.819255252767643600e-04
5.182351840623978384e-04
6.542209496032984004e-04
6.310980343150055568e-04
-4.992644019751232138e-05
-8.605870743648175863e-04
-8.914662090552734645e-04
2.066816315007619564e-04
4.777996666495460017e-04
4.881391170850211589e-04
8.370768209877270946e-04
1.620883382976854485e-03
8.184292145038829383e-04
-1.921814031139735526e-04
-1.897947709597432226e-04
1.506525994787549502e-05
-3.970656674206133989e-04
-5.383172206322096214e-04
-1.310835125671953240e-05
6.943111792985215598e-05
-6.187873994515025655e-04
2.146823889480856958e-05
-5.810249069961673658e-05
1.566597882218653196e-04
4.507507046747478264e-05
-1.209741360220750435e-04
-2.400105025631139280e-04
-6.153046075580789363e-04
-1.725491694070450843e-05
5.094188074135849731e-04
1.857524898671103562e-04
3.340975248564823281e-04
3.344589511862904193e-05
-5.069012825320663636e-05
-3.848519169235886162e-04
-3.237919777956486792e-04
4.918577420726768026e-04
4.615214475157936838e-04
-1.021000303073290900e-04
-2.124030128166337736e-04
1.734706612798947673e-06
-1.683377706868937360e-04
4.947781404832024077e-04
5.177171433239730275e-04
-7.715341676919089322e-05
-7.003691575139850390e-05
1.530350388898728904e-04
4.975671408611113375e-05
-7.394711923074971920e-05
-3.840901805983151421e-05
3.164078699552215707e-04
3.471356285312553517e-04
3.637996978263330588e-05
-1.228540457462429345e-04
2.436316077100081150e-05
-8.834533477584278485e-05
-1.160066317713448882e-04
2.190618384355061583e-04
1.705054502241213526e-04
1.828849085436312985e-04
5.047530708400379748e-04
6.704648013763458807e-05
1.602065858533823850e-03
1.025456103742842335e-03
3.432659262474911286e-04
-8.367614299423208881e-04
-2.033240837322781641e-05
-1.667337055315769724e-04
-3.123937860829758412e-04
6.684567971368734075e-05
-7.501949047757697751e-05
-1.466592375208059136e-03
-1.931050367093983540e-04
3.618956787227798461e-04
-9.419135573017484294e-05
-2.746292057339891736e-04
2.411691024590150757e-03
2.748316314796329408e-03
4.842895407056924573e-04
2.900757336544598731e-04
-2.849330404562826018e-04
-2.369405231527507932e-04
-7.944365023798164122e-05
1.032579515035117549e-05
9.452508174818028091e-05
-5.311168605210660405e-05
-7.081286361465470949e-05
-1.021436558109857384e-05
5.634419201812575001e-04
4.945644364122435454e-04
-2.199510636964870992e-04
-3.072705045363372466e-04
9.739017625805116481e-04
9.438919996968142415e-04
-2.181081798819862929e-04
-1.872548283497944442e-04
-1.170795482233300086e-04
-4.016191284093485617e-04
-2.515537736219214697e-04
2.681659448700003342e-04
3.999769621128324850e-05
-3.510523633365609511e-04
-4.572279865009773610e-04
-7.009019626618306247e-05
-3.370704595309147547e-04
-1.108455958157583540e-05
1.537596166114041157e-03
1.628756894283087554e-03
-2.569567984747014215e-04
-4.606666581489660822e-03
-4.357830699100205714e-03
1.544811495710513049e-04
1.236419449786630733e-04
-4.927887955215156176e-05
-6.283169957197761281e-05
-1.633826921742345163e-04
1.631024781054864464e-03
-1.566951906417660351e-03
-3.038430507280561257e-03
-1.042499155416662268e-04
-4.167073417577695383e-04
-1.934231543352236049e-04
-1.537756517997899335e-04
-5.394664200238793262e-05
-1.094958576141076269e-04
-3.032576635586202961e-04
-4.016023060226791837e-04
2.419768623029900821e-04
1.810031507189688012e-04
-3.450830917165211616e-03
-3.244908833161573494e-03
1.158756019534416771e-03
1.344595835227676162e-03
1.499238055168962077e-04
1.663790196563391113e-04
-3.201347518329838581e-04
-3.749887499370279319e-04
-1.925620845168893541e-04
-4.624728054504100934e-06
2.169978870857674526e-03
2.455352938541205312e-03
9.043747196137255293e-03
8.522712795827485505e-03
5.122889335903219510e-05
-8.356071005648700275e-05
-1.316925657662836339e-04
-1.390298247392494555e-04
-1.265720893373904656e-04
1.594569227723935303e-03
3.183255532558565241e-03
9.758057871159257681e-04
-4.407008382514009419e-04
8.751264556078768616e-05
2.856352449710691717e-05
-4.194740561278381924e-04
-4.712499407885984738e-04
-5.345624033004457286e-05
-5.277308498695168810e-06
1.499067278330150138e-03
1.405355908479515850e-03
-2.006498326035712756e-04
-3.105695692428435233e-04
-3.205505743814022080e-04
9.344408597707129624e-05
-3.827751084976979343e-05
-3.758056124765162789e-05
-6.122661964011737352e-05
-1.677646768569983620e-04
3.835123538003041817e-04
2.367037882318082207e-04
-6.135015032359114042e-05
4.764984128847104069e-05
1.477411789171692818e-04
1.728531305917204819e-04
1.474894170358451986e-04
1.718883820314597624e-05
1.097177839209573431e-04
8.659051538446249305e-05
2.189594736336136814e-04
5.887348302403549180e-04
5.367420972315756472e-04
2.050918531978488703e-04
-6.526163500152881432e-05
-7.115914286774073711e-05
-3.577462543395089670e-04
-1.899051403694906946e-04
-9.252842333352018136e-05
1.015672740070733092e-04
-1.291960292671365262e-04
9.800307270591287771e-06
-8.490017086886537934e-05
-5.256518577855319484e-05
-1.115617913541210718e-05
-1.167140669121347762e-04
-8.342063025263343214e-05
-1.383354855010792035e-03
-1.462615410195339076e-03
-1.023105130525180057e-04
-1.752275791038707814e-04
3.371834840283828723e-04
2.647887576130463676e-04
1.379080215656282115e-05
-5.274475150001234727e-05
9.898354929224616357e-04
9.318692231954721870e-04
-5.155364620063253734e-04
-1.163520873250292091e-03
-1.051172813865528998e-05
-1.335374827923041876e-04
-1.695888815653753086e-04
1.867678375492557894e-04
1.703684048204411112e-05
1.828117850965024934e-04
-3.965744164853494648e-05
-1.965679701838644292e-04
-1.493621597513505731e-04
-6.226995117766717094e-04
-6.655774312168591909e-04
-5.204894685900436359e-05
3.489665227711037556e-05
7.992243543053564739e-05
1.893731552069784113e-05
-5.088652985936526662e-05
-2.011847963864060436e-04
-1.411664427491079619e-04
-5.560352325742115288e-05
-5.095438116373423944e-06
8.088181025950918666e-05
3.400263908614064055e-05
3.215499185237494857e-05
9.352327356281636694e-05
-4.052157287584929121e-05
1.264122050498608344e-04
1.531244123173842347e-04
2.924082604249982672e-04
2.645813153071894359e-04
2.102838000930431006e-05
7.878625920826199248e-05
1.239133489362171780e-04
-6.562414076842296986e-04
-7.290855988810646159e-04
-9.351866157972310112e-05
-3.673953471406702642e-06
4.085004300544170676e-05
-1.478037772752201608e-04
-4.461461776222472265e-04
-3.769400053286036398e-04
-2.446741433817067784e-05
-3.970064865003249464e-06
-6.137473714101408735e-06
-2.095833102764355419e-05
3.315417133047895743e-06
4.552499137412362168e-05
9.707471856547118268e-06
4.939373976165557128e-05
3.345986826323112161e-05
3.564282312815970335e-05
-4.052600590366211246e-05
-5.932118503827746238e-05
3.175834902978633833e-05
1.086943771633703458e-04
-4.220083399072083426e-06
-2.762859025374247282e-05
2.242687789033397705e-05
1.607720507844805416e-05
-8.658017114225466599e-06
-1.690671636681393569e-05
4.603265593511507587e-06
-4.531338024114905781e-05
-1.148951777170230539e-04
-4.685782047893213907e-05
6.957615336838266320e-05
-5.225485402494825862e-05
5.413487727878120220e-05
-1.611324804095289929e-05
-2.589077445085292894e-05
7.537962492424045923e-05
-3.771400385680781313e-04
-1.842688090967505542e-04
-1.597727197889382248e-04
-1.915701664500264886e-04
-2.400953701624456013e-04
-6.510435635344241970e-05
-8.024980411286842391e-05
-2.211959548048541305e-05
-8.549636873000255471e-05
1.448937584026295121e-04
2.153585247596822617e-04
2.193590100462378402e-05
-9.276544292121677662e-05
1.577165261989239983e-04
4.289896973908522153e-04
2.984027233419049487e-04
-8.688177932855939249e-05
-2.498955213662446971e-04
-2.247012877842110689e-04
3.823166433729583466e-05
2.300477983695470150e-05
2.342912250103212717e-05
8.124535231289599184e-05
7.307760499903171441e-06
-9.279263691726449270e-06
7.630590848447922977e-06
2.783111963818632440e-04
2.863923637727830603e-04
2.404080372281942478e-05
1.435252234916914643e-05
6.178896208023298368e-05
6.206294790413399991e-05
-2.090576888120808879e-05
-8.422701887649475659e-06
5.295282910280158168e-05
1.284163241244977069e-04
3.035738431031627122e-04
3.163213701399348113e-04
-9.067922332898929792e-05
-1.499151990303618568e-04
-1.841063822841042903e-04
3.412504274721509848e-06
-1.017635988511745695e-05
-7.034720995370781678e-05
-1.152893319940422566e-04
2.750704910951638099e-04
1.664390594262331910e-04
-8.326563034014182788e-05
3.344542949099143261e-05
4.877780767820592985e-05
3.036373705959287414e-05
-8.219250429981555888e-05
-3.939687057146657346e-05
-2.565832020565805122e-04
-1.468747636172049132e-04
6.981936367212258486e-05
-2.763970399746907566e-05
2.933770817113521358e-07
-8.747470191345713608e-06
-2.738506348864967033e-05
-4.639879777345825478e-05
4.473101121026367690e-05
2.285389091445355061e-04
2.479429327467438482e-04
1.090078944001979011e-04
1.228096891406403146e-04
2.392984450353855219e-05
8.679754354967793956e-05
8.028432531069822564e-05
2.001403742250722678e-05
2.731117665270987876e-05
7.959653998596091145e-04
7.771857670321622932e-04
-3.427009313045116805e-05
2.035319286118506769e-04
2.335390741966422940e-04
3.092003710097067425e-05
-2.762506946978227993e-06
-4.123632329887728964e-05
-4.285482463115401785e-05
-8.346536307436164682e-05
-2.427088601449307596e-05
2.503916620091689634e-06
-4.324074039980802512e-06
-1.061090020560592583e-04
-1.746049361513927036e-04
-1.129168131393164199e-04
-7.980274534550220545e-06
4.637414175116350777e-05
4.257085845083452054e-05
1.945806066796784424e-05
5.687496351663554777e-06
-1.257222752098821087e-05
-8.053354019493459386e-06
1.144358740808505573e-05
5.944178457070727967e-05
2.230991801691571404e-04
2.630741661502264124e-04
-6.664332261832453042e-05
-1.924984171360756734e-05
4.448729566782332339e-05
-1.603691489598428285e-05
1.335901694896645178e-04
1.411943353107283244e-04
1.869926542204058980e-05
-3.773021611758089599e-05
-4.351535639063907759e-06
-6.668215786391846167e-06
-9.422115390256183520e-06
-7.306894652725841289e-05
-5.703033681316558196e-05
2.827629025147803248e-05
8.747621826583830591e-05
9.100233921440382002e-05
4.812370134821344631e-05
7.368123835293053389e-05
3.469033632932639705e-05
-1.122256456969856293e-04
-9.131870560306804853e-05
-5.150376292341034431e-05
-1.214224068728925357e-05
-7.379875238806625178e-05
-5.507932210496708738e-05
-6.615081866967439169e-06
-4.033338794963897472e-05
-2.223416927357835357e-05
8.110774826667599470e-06
-5.248114573205853590e-05
5.028908970865521695e-05
2.632417205314726985e-05
1.007816307241515868e-04
1.113679479783733102e-04
-3.812882068744622891e-05
-3.436762484811001916e-05
9.985854604453054675e-06
-2.771894381011229979e-05
-5.357833865487971381e-05
1.853983705219030043e-05
-4.288529890361693217e-05
2.752295448164375532e-05
7.248216052282414705e-05
2.757348727470651075e-05
2.879551221996171889e-05
-1.435578756529002868e-06
-5.160354385751617849e-05
1.340174519411077347e-05
-8.115760166671241933e-05
-2.440748008497228017e-05
1.486216400516995839e-05
3.593588816482547931e-05
-1.133159038157242296e-04
-1.348675846810136686e-04
-1.062081839694312656e-04
-7.539904793229649279e-05
-3.729149151442568300e-05
5.541408326701919017e-05
6.936762020416340510e-05
5.112983951973546550e-06
4.134774818411379380e-05
3.099296937845055468e-05
1.850657236657290503e-05
1.278255108179403422e-05
1.403825270159543266e-04
3.870065763188195997e-05
-9.034640967837499683e-05
-2.051262026926577232e-05
-1.207465833499162532e-05
-4.164524259831528215e-05
-2.915736083750063867e-05
3.829605744436151047e-05
3.255041962877238873e-05
1.616856389475117018e-05
-8.308539584328811166e-06
5.299080221547835018e-07
5.433747539841354367e-06
-8.635724912440223898e-07
-2.268679151300678157e-05
-1.699527451299648727e-05
1.074925326613711031e-05
-1.438886831149017577e-05
-2.665354707398874816e-05
-1.433225378573882909e-05
7.193849676111011297e-05
7.159325737448496874e-05
4.694324018228069320e-06
-1.097788452746577987e-05
-6.248276293450273652e-06
-6.705676835854053954e-07
-2.352421612023837460e-05
7.501870639387973300e-06
-4.243134247212773312e-06
-9.716723735205327444e-06
-5.177192842457785136e-06
7.953011884543528589e-06
4.219697463531257610e-06
5.984581794161551286e-06
5.921572053373005710e-06
-4.468312488222763189e-05
-3.644800476048831636e-05
-3.911585453993848763e-06
-3.006690586492851090e-06
-1.969224993698969785e-05
-1.565522121753579730e-05
-2.237451263025692723e-06
8.811756864977426337e-07
2.363285041106902485e-06
5.724510775859345218e-07
9.620758527123523107e-07
-4.565324601719075625e-07
-1.829844359137798406e-06
-2.527803054190704417e-06
-1.001214840072192920e-06
9.158558010852858002e-07
-6.564480234800832466e-07
1.436455966964299912e-07
-1.006277902394776005e-07
-1.489966931721402428e-06
