# (648,)
0.000000000000000000e+00
0.000000000000000000e+00
0.000000000000000000e+00
-5.867529444166040797e-05
-4.538462341993986893e-05
-5.590381613015407513e-06
-2.951492434375146984e-06
4.967658361930228964e-05
-6.495698990852769028e-03
-6.364007122535670496e-03
5.032225929679811412e-04
2.078694232431399285e-04
-2.861275118111742538e-03
-4.562961607001335407e-03
-1.832807307289896753e-03
-8.828524591091256319e-05
-5.112931859014108952e-05
3.321112205014597075e-04
2.365568318378497036e-04
-7.876874153158552359e-06
2.401432744779823360e-05
4.808840513859771645e-05
-1.883316779328126126e-04
2.080223490383751803e-03
2.648329615416219768e-03
1.939153718573286098e-04
-1.964024568873822918e-04
-2.728906235413226041e-04
6.628545802845858177e-06
1.947845583604416065e-04
7.505857989540294650e-04
-9.392688884381656398e-05
6.845597849190226307e-04
7.709357983019200561e-04
-7.213069096621179928e-04
-4.798616542042971177e-04
-4.896078467692094142e-04
-1.188628873293847072e-04
-3.907200902748251853e-05
-1.564142168085725434e-04
-1.314981868217707207e-04
-1.181866516961624987e-04
-1.652511536341069764e-04
-9.024067799181162202e-04
-6.110979357193798084e-04
-6.243960110521178152e-04
-8.542229494057711984e-04
6.185203827795887675e-05
-2.098115507441338114e-05
-2.106239092696909052e-04
2.435956742094248437e-03
2.637090656372015254e-03
1.648720797134040257e-04
2.386454710491238635e-04
-8.421246571989971029e-05
4.230132273048782857e-05
-3.243138327438751687e-05
-6.091990749616118346e-04
-1.927814439864906893e-04
1.004131629200850044e-04
3.947268474574799901e-03
4.062856376356115649e-03
7.220785643139710885e-05
7.074039087873617464e-05
-6.155267787711217291e-05
3.623262665795424847e-05
5.166159459324563060e-05
4.852168538184027636e-05
1.724630632924218732e-04
1.415167673116317186e-04
1.043188152765914760e-04
7.079421530572776870e-05
1.002115821425774496e-04
-2.542355384366599104e-05
6.916998972351427288e-05
-1.939876974234062013e-05
-2.307324002506503985e-04
5.222523970181363814e-03
4.940132559603315800e-03
1.358062868567670527e-04
4.706464117715088917e-04
2.324954972715236219e-03
1.524684894573871685e-03
-3.559286923862298911e-05
-2.348212630378105747e-04
3.623395511263614003e-05
1.960339447850315659e-04
1.700179114084794305e-04
4.499440676883089513e-05
-3.843232401951233936e-04
-9.245965050764907989e-05
-3.458864562999467763e-04
-2.172897777771539470e-04
-3.605116063954227445e-04
-2.728074371234100924e-05
-1.024725110861259529e-04
6.944785969028091904e-05
2.319119200619025427e-04
-2.465604210148937420e-05
-3.213096411075203529e-04
-2.039900144526382813e-04
-2.477475707680728179e-04
-1.701922478764782132e-04
3.694415384071488093e-04
-4.228276127987654759e-04
9.067638079471565236e-06
3.090811738075033874e-05
-4.187157870437904018e-05
6.037281936739213596e-05
-7.286192565146291734e-06
-4.059786023193306774e-05
1.644590816114410671e-04
4.343899273152926192e-04
1.133175263249097155e-03
1.185173759414872435e-03
-3.716508824388736081e-04
-3.763936812763349604e-05
5.585285493977500343e-04
2.702557829992997362e-04
-1.701049419650517186e-04
-4.341632782250755165e-04
-3.720993637160597417e-04
8.677516384202853871e-06
1.918310920406817984e-04
-2.943007640644057098e-04
2.677974265984124766e-04
-2.809453388761664954e-04
1.694020228954198773e-03
1.698337036813532324e-03
-1.829685709453047202e-04
-2.873799943888195375e-04
3.417081309929961424e-05
-8.296152259338722152e-04
-6.524272595308134182e-04
-4.404775008726114979e-04
-6.989637887495163664e-04
-3.393533541240669588e-04
-4.161279719758641834e-04
-4.196776633081228381e-05
7.116354936033976973e-04
4.862944054814132737e-04
-1.949917001870770479e-03
-1.028021215799132309e-03
1.880095568244209312e-03
-1.008147522778663711e-03
-2.464980875049441514e-04
6.936770458311847330e-04
5.723081630674936984e-06
6.402116393697319767e-04
9.349482187877462824e-04
6.665422285640033384e-04
-2.093670111206062429e-04
1.251680428211692636e-04
-4.231848988595086946e-04
3.759651536542238620e-04
4.266703113768636574e-05
-1.803793700877127698e-04
-7.852888908634021248e-05
-3.748725319519059844e-05
-5.555348267215233764e-04
-7.495261339517937009e-04
2.298055933883216058e-04
3.503206276997330917e-03
4.042924142598966313e-03
-1.704584455413936470e-03
-2.452870691533142172e-03
-1.485930450410632238e-04
-1.557797180750956554e-04
-2.280661971695135937e-04
-5.948163962294080267e-05
-1.109547286260365679e-03
-1.357377246367177633e-03
-4.711839125604494255e-04
6.453346363090185084e-04
-1.999199915531939980e-04
9.086607340411070497e-06
-7.405894509707125625e-05
-9.783321106838063828e-06
-5.602832473088911687e-05
2.039725021995655613e-04
4.628659728906044573e-05
-2.307521179800266025e-04
-2.579893433900323101e-04
-1.922772758277709450e-04
-2.526338053863797580e-04
-2.113579014409015951e-04
-1.436207783648912688e-04
6.210242762483283801e-05
5.199177895758959740e-05
2.839404360556405793e-05
1.559525777299448711e-05
3.383762265432534497e-05
7.744767208561467226e-06
-1.399651704961793856e-05
-7.000798960080942886e-05
-2.631349500353882408e-04
-8.315066491710635613e-04
-6.152789004423151386e-04
-1.952905238033478459e-04
1.185890855608142785e-04
2.202105993229811143e-06
8.723262621495854420e-05
-1.344605790094621312e-04
-8.279281321456864479e-05
2.640249884232038179e-04
2.497459679251308896e-04
6.507118570032623800e-05
-1.208845965086578067e-04
-1.552706279873221329e-04
-1.809691351338937751e-04
1.790140189948996244e-05
-9.563328009530137430e-05
-3.237951667128213627e-05
1.247239239518492255e-04
1.213579590398733920e-04
1.351796209843115538e-04
-1.127356404632857316e-03
-9.711068205520352907e-04
-1.823207138691153805e-04
2.215425231038657531e-04
1.433330017714014846e-04
3.392199162732452715e-05
-3.076094031095231128e-04
-8.715072791001189818e-04
9.709453920833442751e-04
6.246922009021828662e-03
4.561558176975714744e-03
-3.717735279905648904e-04
-5.210060501055019605e-04
-1.083594066366273215e-04
1.803278878503425777e-03
9.070018120623617435e-04
-9.748181487386921697e-04
-3.742797130941400373e-04
9.013230276448940675e-05
8.425226148789267814e-05
1.794352377642198038e-04
1.732443630087438159e-05
2.137614975828547228e-04
9.108562538602732312e-06
-4.245525327691881246e-05
-9.112113629634935647e-06
-3.659448998445249479e-04
-3.363452010504699389e-04
-2.348040882704339279e-04
-2.216334298565507963e-04
2.694559294506773057e-05
7.616860553255663921e-05
1.657417591689466308e-04
1.636665899300477115e-04
-2.007543215466782091e-04
-3.429446383105388399e-04
-4.609726959451114665e-04
-1.433848078625080992e-04
-4.041792607521214404e-05
1.950569698359400561e-05
-1.802050384064914068e-04
-4.024168598894703285e-05
-1.838588062794297101e-04
-6.556585176341278522e-05
-1.494444019801107609e-02
-1.493320726865499104e-02
4.591231498837352264e-04
5.218391819388113959e-03
4.585897534475606371e-03
-8.594493697458009294e-05
3.909947292019802425e-05
-6.569472026898842557e-05
3.840067061369908897e-04
9.418964090345987629e-05
-1.024281229020391776e-03
-2.083797879025326566e-03
-1.676412553271660645e-03
3.049688072010187795e-04
2.782108760523991156e-04
3.153333007944810092e-04
1.551337801213637893e-05
1.004362399949802677e-04
8.339727894087804673e-05
-2.505854022602303885e-04
-2.141740247869586722e-04
-8.031233126639544142e-06
1.560173172948667796e-04
1.145440453444171924e-03
1.007810031518633232e-03
-6.073904231203749700e-04
-6.965083691574075302e-04
-1.494345994999251995e-04
1.012701434895663874e-05
5.140920830349961527e-04
6.330685413364698765e-04
2.705623365734780003e-05
-8.672638631541454966e-05
1.021477514703578605e-03
-5.306612451883375764e-05
2.088430442738069574e-04
1.371466304027994841e-03
-4.146084218448214021e-04
-1.416167402141904868e-04
-1.413515477260139640e-05
3.529228015185230545e-05
-1.765881113865215584e-05
-5.750395542225009626e-04
-1.183416876404900109e-03
-3.571019458851630774e-04
-8.306287466988582658e-04
-2.034196760177714772e-04
5.692686474987786053e-04
-3.922246283269132760e-04
-7.181418619349953228e-04
1.921360239104423159e-04
9.675352156652986067e-05
1.358058397431519864e-03
1.580808826441336759e-03
-3.725755957978838916e-05
-1.553159225835125151e-04
-2.150107258206886433e-04
-1.183871180290186062e-05
-1.101378781473903027e-06
1.091850111959035037e-04
3.491001804323447803e-05
-1.964567405986472864e-04
-2.250875865949321689e-04
-1.409546869494175355e-04
-1.768420675034279219e-04
-2.385030071876894796e-04
-1.157681263162913638e-04
-1.540367050636354870e-04
-1.253965224099936042e-04
-8.988604860770104798e-05
-4.318045056537932793e-06
1.425976017128045926e-05
-2.593828730709300638e-04
-1.860865835354041269e-04
2.871540044532655783e-04
1.658461313696427955e-04
3.373039815886132674e-05
-1.098501433978241735e-04
-6.714897003567499648e-05
-6.337812985985319229e-05
-1.382238685398748217e-04
-1.958541694892576698e-04
9.520762862513363516e-05
1.877858124387555313e-04
2.996201764053694865e-04
3.333108385501560352e-04
5.699104379217318262e-06
-2.630041313981792140e-05
-2.716296457020285862e-04
1.485381669424247399e-03
1.177353833763508878e-03
-1.426766787094421642e-04
-3.158739244771989116e-05
-1.667097935135698945e-04
-5.233282152178088669e-05
2.803558011199721876e-05
7.012470933971208509e-06
1.179879646752379290e-05
3.117840560740453722e-04
8.789521596662777138e-04
9.651471705200983337e-04
1.235849803091847816e-04
-2.906482831803896053e-05
-3.685508939456870470e-05
-8.127635303437870720e-05
3.072387678852886547e-04
2.031860136594440143e-05
1.982118804629250379e-04
2.797502056119027174e-04
5.533622580265891276e-05
-5.451012966343053191e-04
-1.698461033043909745e-04
1.637035461971470419e-04
8.088208912615693733e-05
1.467784060746924261e-05
-4.196672031159464988e-05
1.592478959535045585e-04
3.193419320988705309e-04
2.567989758356414355e-04
5.821153578284388148e-05
-6.918243692300611769e-06
3.529839871034876037e-05
7.764754148217924167e-05
1.849601732682610783e-05
-8.863926449679588758e-05
3.193449400806565866e-05
7.892069850243243199e-05
1.508875841823716329e-04
6.019931631144177867e-05
1.216286443271942551e-04
4.999315454856945862e-05
5.466511723575142147e-04
6.989220800397144811e-04
-3.163965073468810708e-04
-4.394800148379231675e-04
1.812472248082960916e-05
3.947168435947517862e-05
6.449599432463834416e-05
4.814238833599706767e-05
-1.261669857866307761e-04
-6.892649695825744721e-05
2.983471965192680504e-05
-7.886225996424494635e-05
-2.418870704876270437e-05
7.235205163665834281e-05
-1.172723904437426834e-04
-1.444720795170361663e-04
7.001386547547283244e-05
3.599500070400715501e-05
3.234224346530874830e-05
4.608781421406172706e-05
-1.271130607774966702e-05
1.390312572742106068e-04
-1.032016437435675973e-04
4.202378042844676884e-05
5.302745402009459723e-05
5.703357150135179778e-05
6.942223444408174293e-06
2.387799122238217072e-05
-2.155868043128172380e-06
-1.205865881173160611e-05
-1.922475936761661947e-05
3.556295099483037917e-05
1.318882691698493141e-04
1.043963907958096071e-04
7.601292995890318181e-05
6.352755442761960853e-05
1.314711138374155704e-04
-6.329613219064761725e-06
-2.385958114049627321e-05
2.837411052608138315e-06
8.205707798557413844e-05
-7.000375010901957646e-05
7.209237938999686287e-05
-1.286092041773336517e-05
5.960140003943768626e-05
1.804936424862155914e-04
4.181724329407562912e-04
1.271803960660533930e-04
3.742691192684176966e-05
-9.718395877699938668e-04
-9.026242908481232376e-04
-3.388113688680827450e-05
-5.697163913345882475e-05
5.833508974786186067e-04
1.871954094770876260e-04
-3.231968726736094148e-04
-2.475024455810969994e-05
-2.938777487250902876e-04
-3.767024842882882633e-04
2.420436412760249440e-05
2.500043606232184553e-05
2.395349037205838819e-05
-1.988079968414457709e-06
3.070996554280577021e-05
-1.311599940730737168e-05
7.963271940411442780e-06
1.019348939785007951e-04
1.125901414670152037e-04
1.539231646542089786e-04
1.716229786343498992e-04
-3.430537075265071867e-05
-2.855805265976589790e-05
-4.036078064245006902e-05
1.397676064728082385e-06
5.422437253684351768e-05
-3.896549769606859950e-05
-4.501265671818167782e-04
-3.856307377188847112e-04
-4.999984321888542399e-06
1.821839595429714876e-05
-1.069395224528866178e-04
-6.846003751988749780e-05
-2.305664516516618180e-04
-5.458811026246687459e-05
-1.874449852983422064e-05
-1.304109294980137205e-05
1.593286274349962146e-04
1.146748317730517276e-04
2.091687585022473125e-05
1.320617500394222752e-05
3.500755253296856207e-05
1.635490337101651412e-05
-2.887439130166356534e-05
-8.112519572166265893e-06
5.947526116713496523e-05
1.294786540804139182e-04
7.694270895375690273e-05
7.444866722779484121e-05
-9.255710122158816388e-06
1.920790391796563473e-04
1.787038993860404418e-04
-1.182958876537832304e-06
1.023106847688811397e-04
8.662208512524409161e-05
1.922334650656792645e-06
1.162649288286579790e-05
5.911103687482326699e-05
-1.499889052705614021e-05
-5.208216890817774847e-05
6.966078072636515792e-06
6.927695945949718516e-06
-1.243420846191197046e-04
-8.495981779385335835e-05
-7.866202159033551717e-05
4.352155890292360579e-04
4.359153472407359376e-04
1.138796758378644847e-04
8.704778127600958050e-05
-4.904448268267109481e-05
1.344227976073138361e-05
3.140008306602413583e-05
-2.436472127268981763e-05
-4.949437698651517660e-05
-5.401867455584435224e-05
-8.630057701413463070e-05
-8.790705347857501325e-05
-3.837575406592654813e-06
-1.309818882233869938e-05
1.859621938751512950e-06
1.844713506442343271e-05
-9.870515902823760786e-06
-9.562914261044168021e-06
3.914996836479901506e-06
2.371087457734608566e-06
-3.848504371996510243e-05
2.697563821781885613e-05
1.367031562616783562e-04
4.243129248901105968e-05
4.580025291463801925e-06
2.627324383050153608e-05
1.942559612605396417e-05
3.015932513527862856e-05
6.740294872025683081e-05
1.094398350969708977e-04
-1.597988960762042557e-05
2.104862590185400931e-05
5.564352805511447219e-06
1.075738870527427236e-05
-2.723438843256463052e-05
4.091737103908972817e-06
-4.892423456849428180e-05
-2.411594392189129145e-05
-8.098447458278238374e-05
-1.764359156265250534e-04
1.008779616712578343e-04
1.946325907464502953e-04
-3.937847722114866725e-05
-3.744057229528701400e-05
-2.281883802643921161e-05
8.741498378224866830e-06
5.259451349718570891e-06
2.386880843180308448e-05
4.980732662014214610e-05
4.125847589620475117e-05
1.084809143673737324e-04
-9.685243297743587390e-05
2.253688308275552602e-04
1.703702551523426510e-04
1.320758231676018771e-05
8.320856570184114506e-05
-6.313198667145658984e-05
-2.559641120988057688e-06
8.756083314804516448e-05
1.283506875870681497e-04
4.677390011969420158e-05
1.205197714074835579e-05
-9.113206502836375075e-06
9.121921230633414288e-05
-4.645204941550898581e-05
-6.102650269078475854e-05
-3.665355487371649599e-05
-1.139820672226569773e-06
-4.548449482445751164e-06
1.546781870224292463e-06
-2.382555829990932713e-04
-2.004204655512510148e-04
-1.560263304945725660e-05
8.601260764202731088e-06
3.691787781734067294e-05
4.650342002531469165e-05
-8.378577390061764689e-05
-8.049684057553195971e-05
-1.562010361130334527e-04
-9.123159048127880305e-05
-5.442189519254469825e-05
-1.178522117374559335e-04
-1.318784205554258385e-04
-1.665388759330954830e-05
3.264221665123278599e-06
3.520043063228272379e-05
2.137311661415877283e-05
2.555048502371171603e-05
-1.816026340669858199e-05
2.373927318307149180e-05
2.666521989938243492e-05
1.067660688606772216e-05
5.405562391873210517e-06
-9.683720611725820461e-06
1.304230153909370579e-05
-1.740083176521787153e-05
-2.391903476768519676e-05
4.589221034917218840e-06
1.796177132605664796e-05
2.543291887624045012e-05
-3.392820597557553519e-05
-1.271183557929767913e-05
-2.857551855205995109e-05
-5.666820933077625105e-05
-6.245661885466476516e-05
1.347440959747697874e-05
9.926246885913406605e-05
9.620505032734970069e-05
3.331266561421060836e-05
2.438693143820496009e-05
2.036656847728548299e-05
-1.399429857281968173e-05
-2.368012663333143216e-05
1.633951088780755974e-06
-1.604415217774777012e-05
1.434235815516185660e-06
-2.152362585475684769e-05
2.296758913173378272e-05
-5.492951841332649693e-05
-3.399156253838532651e-05
-9.410773088871248309e-06
7.260804235897211408e-06
-1.013689233947506451e-06
-2.913049735755095731e-05
-1.686060975773512942e-05
-3.041459817197344538e-06
1.755831185014157869e-06
-1.978112421906813373e-06
-1.008745763150241687e-06
5.994450027636518835e-07
-1.655270218508461406e-06
2.205539377306332170e-07
-5.046374680774422880e-06
-1.898497821663791077e-06
1.149104441291102648e-07
-2.185365750019840399e-06
-1.452401463418176112e-06
1.274980562941704840e-06
-1.176828262902349630e-06
7.482579770493917866e-07
1.447937032931153815e-07
3.772806081117745035e-07
-5.608558214187300382e-07
