# (648,)
0.000000000000000000e+00
0.000000000000000000e+00
0.000000000000000000e+00
8.363127481897057521e-06
2.657821122575306679e-05
4.764298043444066061e-05
1.989542082764095193e-05
4.506613379314855565e-05
-5.056274245534376176e-03
-4.978340578213670022e-03
-2.326180687690642562e-04
1.210228601208310120e-04
-3.982873000675330941e-04
-5.503010115536770708e-04
7.612529733553681434e-05
4.550045193332784310e-04
5.330042793537812179e-04
4.807140164272181797e-04
3.785635049144635928e-04
1.347760870579303347e-04
1.417678310186157916e-04
4.614206875710652114e-05
6.014117498160491404e-04
3.210844818323048671e-03
2.755259224092302360e-03
2.164097057826649921e-05
-3.188818807913247210e-04
-3.443880655987305458e-04
-6.558098299157255708e-06
-2.582049011636544373e-04
9.804889019778696878e-06
1.251038052000969176e-04
-1.647063710895069850e-03
-2.803044916761175415e-03
-8.330015052658929972e-05
2.453877345970835021e-03
2.462569177496817547e-03
1.143253547846682651e-04
-2.384447025744452388e-05
6.066096690446271732e-05
-6.114306267962380057e-05
-2.183908141774992451e-05
-1.650600707650088381e-04
9.075888789372486918e-04
6.536927020073713844e-04
-1.123540863770716540e-03
-8.913043894374216448e-04
-1.401354023726676006e-04
3.306204931291480869e-04
9.318530018942774838e-07
3.650571702652264522e-03
4.176344572961597675e-03
-2.868470789600272778e-04
1.093465416389566199e-04
-8.549583491174691011e-05
-7.005401048833032800e-05
-2.478635219639950624e-03
-2.438408096682063812e-03
1.630504883093679859e-06
-1.249979230452858043e-04
-3.298605468983752359e-04
-3.566871874243658582e-04
2.163578440948912623e-04
2.871327442359950443e-04
-1.089993827336191415e-05
-6.447071900590196079e-05
7.271507784305295105e-05
6.035048424646252295e-04
3.645403996565377389e-04
-7.824751567462681786e-06
1.028627955551143178e-04
-3.266997277588459272e-05
1.540299339429987554e-04
1.678013213891350604e-04
-6.038699173426194703e-05
-1.719779656417421559e-04
9.754328864473020921e-06
1.324420576079805368e-03
1.380689751160075378e-03
1.317177774750967465e-05
-8.194529427232384762e-04
1.639084549097711381e-03
2.306204889625252871e-03
2.898227040948287572e-05
2.082639859962289266e-05
1.757670016502243821e-03
1.781643277724058450e-03
3.148381465213785229e-05
-6.682808532033877066e-05
3.645583904137615562e-04
-5.623849441544390127e-05
2.233674893458804445e-04
1.087571533279059569e-04
3.956293811428418863e-04
2.436878639701390832e-04
9.262795880105753702e-06
1.929064514924579620e-04
-1.470410760710425218e-04
-2.165432442126753135e-04
-2.465701894077487006e-04
-2.835285968559198648e-05
2.155570744028430816e-04
-4.304352698892823718e-04
5.490288044452931233e-05
1.100388613744329551e-04
-2.016563919379178390e-04
-1.719552384574385851e-04
4.074389422749515852e-05
2.221679642613190759e-05
-3.397298018753566284e-05
-1.633568779823400688e-04
-3.314961386886058187e-04
-9.787122712969618010e-05
-3.228484741144593178e-04
-6.255741902630888645e-04
5.959385910086071919e-05
2.866806335677065309e-04
2.690287509700751197e-04
6.581017939823619739e-05
5.768549607475041393e-04
2.116196926827079803e-04
6.939291385584398712e-05
4.090615764999253181e-05
3.731309452342648699e-05
-1.156145577587831862e-03
-5.854421463507412417e-04
9.087305810235472359e-05
-1.740724702344736757e-03
-1.882152036504423399e-03
3.566688738687450876e-04
1.308976463459927009e-03
-1.160633019259353768e-03
-6.108395308079660061e-04
-1.285413656082874667e-03
6.208230614411801079e-04
9.989411494143499680e-04
5.462756940437124044e-04
3.738697555748623147e-04
-1.559000180717902070e-04
2.669500327826011344e-04
-5.138743316416312238e-05
2.426831011765509961e-03
6.109861235890171613e-04
5.765794647862592000e-04
-8.882002504570766415e-04
2.165790859728071894e-05
4.802932399633091693e-04
5.212841865262842644e-05
1.096222704780310943e-05
1.066437742135978913e-03
9.250123727510565965e-04
-4.644914785415952207e-04
-1.123854587854255594e-04
-3.916719814785406500e-04
-6.266720512031474007e-04
-8.475678450229615958e-05
2.545314374241093713e-05
1.227756645347490223e-04
1.484004898142549404e-04
1.020029594927553173e-03
9.457085282261624287e-04
1.102003971792769979e-04
3.567752683352899538e-04
6.274464391059815386e-04
-7.820402050299540744e-04
-1.485675367203539163e-03
-5.857893659165391191e-04
1.469140209934669981e-04
4.289192833566756792e-04
1.720371400343960184e-04
3.472769236966925799e-04
6.040130966415724898e-04
9.782456237731316541e-04
-4.112571291249240198e-04
-1.039599486297489248e-03
1.902816039736644128e-05
1.014931546217762512e-04
8.216936018215759672e-06
-5.448807004500532932e-05
-2.461928866203696282e-04
-1.040247116249629961e-04
1.463409804153140766e-04
6.498261560439498380e-05
-2.272876170661366395e-04
-1.680714641832518376e-04
-1.120852373903434210e-04
4.559041595608972412e-05
-1.285768681708330044e-04
-6.638979059612138344e-05
2.752292841809544612e-05
3.129875743531256781e-05
4.052980505284536217e-05
-9.882427108755239078e-05
8.045363140523774294e-05
1.517434865168260533e-05
1.804848525275077242e-04
-3.496752819139971671e-04
-3.275417678008987472e-04
-2.995780125918040613e-04
-3.421368425091636631e-04
1.051840976152053150e-05
3.578046011485486698e-05
3.926661644328972411e-05
2.501963086058111950e-05
8.577106887846224902e-05
1.043490149020599326e-04
-1.719050804773216941e-04
7.195366827346032581e-05
-4.689488198999831490e-04
-7.869994644389655082e-04
-2.705692701171023620e-05
-2.855861167450471415e-05
-6.140860579875450249e-06
1.489432581094930752e-04
2.612232100107083569e-04
-6.246920760199642646e-05
-2.394814392480322540e-04
8.763948393159447193e-04
1.721146964021390930e-03
1.459381181925047718e-04
-1.075962385888566431e-04
6.830480011892184388e-04
4.347835843166505672e-04
-7.747535005761898609e-04
-1.255215979858494320e-03
-1.108803062878093576e-03
-7.633644036783280608e-04
-4.202780766461832189e-04
3.273018569084497044e-05
-4.121646393090996029e-04
4.382087291634259173e-04
1.997528681971621469e-04
-7.586566718733088553e-04
-3.266309783831711461e-04
-4.532886129945666608e-05
5.378709740153061932e-05
-6.831327698366578861e-05
7.778901426270353392e-04
7.355023297403373225e-04
9.293363810866265301e-06
-3.564231153099047309e-05
2.234012518013206097e-05
-4.084573756720259134e-04
-4.388504011308159156e-04
4.668392444626973798e-05
2.182910707241486929e-04
6.855222277119712819e-04
3.813974477774627401e-04
-3.113113744592216478e-04
-1.628241088404283133e-04
1.024198881722382669e-04
4.172620228342883378e-04
3.143036021098925326e-04
-3.276899253219101721e-04
-4.055386850470387274e-04
-9.933067290638469252e-05
-1.068552138787708875e-04
-4.436381487766522902e-04
-3.320547999282281787e-04
1.516267760539979480e-04
-1.760715073122235633e-03
-1.696183440706097679e-03
3.696213583489618193e-06
-3.152082757689823704e-03
-2.914203650606318145e-03
-8.554483296014636618e-05
1.403225266848481215e-05
-9.536434284177831323e-06
9.603189213908550959e-05
-2.230242762101890434e-05
-8.823361670617783144e-04
8.745675834327231932e-03
9.646277196585251526e-03
-2.311289204697642525e-04
-2.558869860404828079e-04
-7.777800026681053983e-05
1.162646640418836243e-04
-2.687752801571532889e-05
-4.496918139182629211e-05
1.466810288338045529e-04
1.038738317801550065e-04
4.761827152098922891e-05
1.483491616294999981e-04
-9.022282772239463089e-04
-7.155793571086632113e-04
-8.090480381553713692e-04
-8.923676981229106391e-04
-1.545624263504551728e-04
-1.075551228138342801e-04
-1.049862281335220025e-03
-1.004363355041872075e-03
-2.363155077567242291e-05
-6.916690946010044932e-07
1.212583373131056802e-03
1.644287580123439656e-03
6.340335218327476869e-04
1.541742451800381204e-03
-4.336922799981105881e-05
-2.900416998015827404e-05
-8.921253982948325139e-05
-1.296122395337044814e-04
-1.475766046668885382e-04
-1.009599523576631182e-03
-1.281969887898986530e-03
7.157255451151871024e-04
1.020176748309618723e-03
7.127710900942037546e-05
1.359669122065903808e-04
5.280556548906505370e-04
5.608638836997456361e-04
-1.224919745906893095e-04
1.245035473428771821e-05
1.068639288387799669e-03
1.010841112132734691e-03
-2.391638061597502971e-05
1.637097592751319175e-04
2.200128284042785040e-04
-4.797727867186860599e-05
-1.557723541669624526e-04
-3.832232427803504432e-05
-8.191365266423016934e-05
8.457199356757100466e-05
1.619979676703043605e-04
4.399298454171935357e-04
2.097064182013270441e-04
-5.121486870873153774e-05
-1.428841951680679279e-03
-1.394199857884913761e-03
-8.907804283572989378e-05
-2.114991915834523112e-05
-3.185509251543750968e-05
4.968011416250307159e-06
-1.320573926980195961e-04
-7.782664014907396399e-05
2.744632702339375131e-04
1.227168661097192449e-04
-1.143326395045343046e-04
1.889421632441815133e-04
1.553101685553945517e-04
8.959247545205276098e-05
-4.776380256381389201e-05
-8.591716920648104520e-05
-1.994573099152725879e-04
8.337736882780877367e-05
-1.123786270747127806e-04
3.692557030124598249e-05
7.532513428276338878e-06
-1.593650785905292562e-04
-5.448344197442689190e-05
-4.438722154749282812e-03
-3.996927020886050647e-03
6.582167064198360265e-05
1.751768488033624536e-04
-1.581081139874210761e-04
-9.417248127601264649e-05
-2.709347843406381380e-04
-2.902203351878489897e-04
-3.520505042432660702e-07
-2.173881214344984157e-04
-8.378145575039301586e-04
-1.241590997749223617e-03
-7.213959698852509024e-06
1.096765014986162600e-04
-2.071700992491022739e-04
-5.058327621813919523e-05
-4.922080738434586383e-04
-2.568545339431446803e-04
9.494440702320560365e-05
-1.405551628956291943e-04
-2.169679789415040973e-04
1.280363563539919881e-04
1.605070750479996072e-04
-2.427147911506235029e-05
1.836408151957266336e-05
-1.198244322125036919e-05
-3.671450568523243848e-05
-5.422805094000007157e-05
-1.694694228277761284e-04
-1.904761326750742661e-04
-1.376299325391997029e-04
-7.506947919156069487e-05
-1.404563927842576260e-06
7.380612330387068551e-05
4.139261185743228668e-05
-7.099150921080900849e-06
-1.790176179236802116e-05
5.632019065797805562e-05
5.428093430800161377e-05
-9.701222263763743716e-06
5.638347584629625027e-05
-6.845377223965249053e-05
-1.174934709897766883e-04
4.471915389128250048e-04
1.192309311840396291e-03
1.130921667421413718e-03
9.231793187168534380e-06
-4.443122581228948955e-05
-5.338151817913677506e-06
2.157900068761469016e-05
1.006827159266053485e-04
9.479964801516963923e-05
-3.169676213780412278e-05
-4.529223219919896828e-05
3.201333786239389837e-05
1.011988384589602537e-05
-9.804115618186360357e-05
-9.194097087371023373e-05
4.012177031417268002e-04
4.432056720690904388e-04
-1.711191915810980242e-05
-1.915725116557485600e-05
-2.201104150183898309e-05
2.630950459090843286e-06
-2.490245070640272746e-05
-8.559203169714301460e-05
1.264702372703949010e-04
1.668448667839018192e-04
5.861990474234508435e-05
5.767747168808901579e-05
-7.205497813450993682e-06
7.011713335096886929e-06
-1.345601288011704527e-04
9.062016773452332937e-06
-2.222482315774297894e-04
-1.930254906653633092e-04
-6.132048532219775598e-05
-2.915006908032984932e-05
5.710392275771551245e-05
1.543957497117843882e-05
-5.177322559996021549e-06
-1.196664641897680300e-06
1.519082611863127034e-05
1.389825576733451709e-04
-5.465707475796736280e-07
2.685134030845632205e-05
-2.124589649746449471e-05
-4.403122396158609209e-05
-9.378951745092567406e-05
3.245659719387237926e-05
1.018840588363469025e-04
-1.719407742377190862e-04
-2.021391467179135045e-04
-8.090814630518494558e-05
6.206063337637218204e-05
3.082380959688255638e-04
-2.192932310330414147e-05
-4.795430164837338245e-05
3.056094294890891576e-05
1.079020861833129391e-04
1.319820071812361807e-04
4.170004864021023777e-05
1.523592962556185971e-06
1.004018674827110372e-05
8.492087467267324548e-05
1.206171286909086789e-04
-3.637945087882906600e-06
6.982541925950308114e-05
1.223432316015264675e-04
1.007610671246563714e-04
1.546338616094370378e-05
-4.746135750775476252e-05
-1.606450543680371221e-04
-4.555043629532392084e-05
3.521073396640318136e-05
2.381297516656971904e-05
1.027332445940727862e-04
-3.720743398185765057e-05
-2.572969332963884800e-04
-2.015700638446025475e-04
6.002610414492963654e-06
-7.197603388096493156e-05
-2.082588574642409046e-05
6.008100740169083715e-06
5.380576797301731641e-05
-3.559439254386818403e-05
2.599687149281476565e-05
-4.472477270142430328e-05
-1.397174027478793217e-04
-2.475927342139884729e-04
5.322111246110197897e-06
-5.465170854966941281e-05
-1.319545378479621489e-04
1.744218772668315007e-05
4.545615250166469790e-05
4.123671444724721571e-05
7.296568097697534708e-05
1.827319760742277460e-05
-1.800054454849308339e-05
1.621856630426755461e-05
7.399959017512844751e-05
-1.342164428282905742e-04
-2.039300679560942641e-04
-9.551687986530760799e-06
6.595189212828951565e-05
7.185839411237653865e-05
5.962230788024956029e-05
1.593386059853660853e-05
4.542091154771913818e-06
-6.333528402304926350e-05
-2.310163210477482298e-06
4.094323785019912166e-05
6.220029323859784008e-05
-2.536922499129321893e-05
-3.214048733233758435e-05
1.925968934450178900e-05
4.393519136821863219e-04
4.031857812079406994e-04
2.006745675921742667e-05
4.224946516978568772e-05
7.480264738509674094e-06
-2.566333947895177350e-05
-3.351039766997982074e-05
1.358633485084778410e-05
3.828867476547636678e-05
2.649183693949403667e-06
9.807087601272008776e-05
4.448420849861509774e-05
1.576945457850315000e-05
3.906386483264566270e-06
-9.879409410891498635e-07
2.679225890726833604e-05
-1.155972866000735123e-05
5.861679681401964161e-06
4.236506297896851491e-05
-5.390666441261337652e-07
8.207214419002294465e-06
2.717157251060957958e-05
7.137393371194839854e-05
6.711437461149260490e-05
-9.150541123570042591e-05
-8.395708436707209447e-06
-5.034038069089236621e-05
-1.401963252003807647e-05
2.949183869812120262e-05
1.569631169020076135e-04
-1.528409129449605287e-05
-3.035276657744871861e-05
-7.155696313953906077e-05
-7.058126488612738989e-05
5.763519166366025707e-05
1.269862021536815916e-04
-7.716283511710559989e-05
-8.735960852556931870e-05
-1.813719933381885007e-04
-6.878569329983797625e-05
3.276188963695275514e-06
7.079804738104492436e-05
-1.123346046891503980e-05
9.854263654046247650e-05
8.191518327729167652e-05
-3.496884506504752870e-05
1.591224881953109309e-05
-4.488295178751225005e-06
-6.799611792922553898e-05
-9.061539409814916017e-05
-6.593595494420851862e-05
1.200382981066533812e-05
-1.355657837500783161e-05
3.532934638018907805e-05
5.240965808474366003e-05
7.395329370849975639e-05
-1.416290099454553535e-05
3.016039749490574389e-05
-2.909093609059829649e-05
-5.193436021580008754e-05
-2.778237647731521343e-05
4.726381144549091703e-05
2.981716443584645230e-05
-1.020617088427089466e-04
6.780803835905788220e-06
1.695840230288808259e-04
-4.648748121104960876e-05
-8.553509004000470507e-06
6.437672038223823164e-06
2.609481610955172455e-05
-1.637416248832221488e-05
-6.253133833612222240e-05
-2.933122545581475779e-05
-1.335504942963639415e-05
3.690737323253373022e-05
7.489152494124083777e-05
1.351027855150169832e-06
2.529766871413909588e-04
2.635045844856321652e-04
9.452035824823539455e-05
8.020017075357233093e-05
-1.247738876807875518e-04
-1.501826558125548487e-04
9.491234879156767871e-06
-7.928253166611551556e-06
3.870259422944932764e-05
-1.166885688357579073e-05
1.301528840069124274e-04
1.322475457116437569e-04
-5.206757072635551336e-05
-3.509476873159241993e-05
-1.037093625796093073e-05
-9.190281734330101379e-06
-4.251793705952233623e-05
-1.284703265257334247e-05
1.180752593936115473e-05
6.001063871085115907e-05
6.936861038247668979e-05
3.516290713459488469e-05
3.154765745763990256e-06
-2.736720450074806574e-05
-4.558482695524510828e-06
3.273287275359406252e-05
-3.369632645225866208e-05
-3.389495153714076561e-05
7.052106710859859130e-07
-5.222348861408187783e-05
-3.774839660153446930e-05
8.530329009481436050e-05
8.747043296173149076e-05
2.568945386953944279e-05
1.289925877936599376e-04
1.259449238942972338e-04
-1.249093989755035406e-05
6.571760683343958178e-06
9.093242359444547088e-07
2.555546065170552343e-05
-1.038924039101356446e-05
-4.003284422532716355e-05
2.950517353128902863e-05
2.016225509198691610e-05
2.594179327929928197e-07
9.971698374592181903e-06
1.080097681532342195e-04
1.250650161639418716e-04
-2.413211767727123288e-05
-2.591851967161865254e-05
5.212613517857037764e-06
8.030254438424244191e-06
1.064898658941238644e-06
-1.194081655751863691e-06
-3.383240748264981624e-06
-2.275197796458703801e-06
-4.321556158563090397e-06
-1.029327080809562554e-06
-4.537722973551786368e-07
2.318401157689972680e-06
-1.069714567414153700e-06
-1.338126529278267834e-06
-1.282920658286492874e-08
-9.669227008121770972e-07
-1.929795391247787675e-06
5.907454626933201530e-07
