# (648,)
0.000000000000000000e+00
0.000000000000000000e+00
0.000000000000000000e+00
6.220803051507043540e-05
9.851957597785065642e-05
6.670445621981457493e-05
9.489211537082210682e-05
1.987329132749725139e-04
2.445715335671214130e-02
2.457019624144178571e-02
3.723508349558870612e-04
2.347019515075268509e-04
2.905929932587621948e-03
3.079496448391505058e-03
3.771556232836890412e-04
6.797980595623698058e-04
8.388441744765319031e-04
5.092953500686876831e-04
3.473061994055820782e-04
2.925084441188758157e-04
3.887714996911091777e-04
2.451668944822403963e-04
3.184740709051860769e-03
8.618424746553230223e-03
5.805410299583751467e-03
6.323776901855026559e-04
4.171283836693658715e-04
6.572093161660798235e-04
2.264395605863018981e-04
5.588626247544779997e-04
7.825085000689037222e-04
8.745359164388617160e-04
2.637288273710030120e-03
4.139234843595995458e-03
3.340980847479470620e-03
3.291369994438189932e-03
3.306785285313459076e-03
3.796690612014690905e-04
3.362208152387749548e-04
2.632512235083523874e-04
3.143935827944370010e-04
2.001455571303419577e-04
5.707574362819947678e-04
1.258303128802009101e-03
1.591077730732381058e-03
2.677585369235177277e-03
2.463595774150957162e-03
3.706178851627854143e-04
1.029709795645210486e-03
8.395281720269380261e-04
4.436175599066499199e-03
4.870930745091599408e-03
4.353841929624922076e-04
7.090115738921181320e-04
2.703528522122327108e-04
5.179748312961050165e-04
2.181336391328835521e-03
1.865825146586626293e-03
6.918519474499698792e-04
6.167386961074614168e-04
4.779452943816646371e-03
4.805156349827286594e-03
3.769552996228046470e-04
4.729179496319845378e-04
1.587756954264184879e-04
1.715236954352703826e-04
1.931992227122495938e-04
6.135506177035428624e-04
4.823432303904670528e-04
2.701091266588491924e-04
3.393043428505714628e-04
2.999657559711722365e-04
3.199480873965194041e-04
2.627318707860093689e-04
2.791577337882803389e-04
1.665902717813867728e-04
3.587775333254076106e-04
4.156865000880844048e-03
4.491475809345908850e-03
3.929102979218337998e-04
1.548088903915247972e-03
4.175901767685977380e-03
2.969164024315299605e-03
4.258201714415542978e-04
3.326526640676517378e-04
2.835506274298886780e-03
2.926905339503527766e-03
2.199509624145924442e-04
3.000225312786035706e-04
7.460418210305970466e-04
6.409853342612959999e-04
1.011158441654431625e-03
5.384677224772490807e-04
1.614943783772443842e-03
1.446703281092286087e-03
3.393601439886195065e-04
2.556225697475675383e-04
2.835971720194436271e-04
2.532641939336543525e-04
1.817401914264332220e-04
2.407769592937460286e-04
3.404950476836596045e-04
5.157173362740175926e-04
1.452967637202890166e-03
5.738798721470965251e-04
1.217404718166610004e-03
3.808335695421556969e-04
3.659393638707364059e-04
9.503329167646905502e-04
2.436743276161285466e-04
9.033669375286933071e-04
5.236872037315041086e-04
5.038741008527485368e-04
2.846433303424502747e-03
2.881748772888875678e-03
9.741880640551607703e-04
1.196412966533622882e-03
6.745687315307896757e-04
1.731306316014571880e-03
2.260310808035325900e-03
1.049020617235934139e-03
5.828666210748451168e-04
3.293943261236115662e-04
6.570461479773807801e-04
1.127859049606184548e-03
1.338904162856168574e-03
6.628259330780510465e-04
3.065078512175373887e-03
3.046735710366833133e-03
6.799737181253030956e-04
1.285347773152397191e-03
1.809401976580569211e-03
2.510117637217790330e-03
1.586602976934322609e-03
1.163804410938999679e-03
1.643140225119609551e-03
1.287838040379099937e-03
8.929688407655534841e-04
5.564892521833654081e-04
5.919501774157702760e-04
4.916302590487202535e-04
3.580219567309069449e-03
5.253350441828654772e-03
3.911302525629357929e-03
1.971220788838278642e-03
1.307135371836100389e-03
7.592025603818864559e-04
3.178815028090765482e-04
1.212694653359359508e-03
2.491739283332517364e-03
1.482454708169721018e-03
2.289893308580764116e-03
2.411746590629920608e-03
1.311966527685338481e-03
1.487507112650275068e-03
3.831106687829843242e-04
2.546618410287605164e-04
3.568393731779999118e-04
4.072858965515355006e-04
1.651870615379149925e-03
1.256715905516804163e-03
8.038867103183631232e-04
4.816125618505031139e-03
4.873262935696708216e-03
3.664772324214960169e-03
3.140022171107959090e-03
1.214113377835950199e-03
4.129222548125788348e-04
7.269043775347124817e-04
3.989516316676222163e-04
2.304326621363797858e-03
1.534537809758108971e-03
1.728563536999390502e-03
1.643246257073101204e-03
1.649924558448502381e-03
2.005902645294032943e-04
4.237174541649574278e-04
3.929868462169093242e-04
3.182876315414712425e-04
4.001420705080062042e-04
4.201154475744628826e-04
3.245722497316178403e-04
4.068992764146548997e-04
2.211064942445519084e-04
5.190756891477905097e-04
1.994123043019106496e-04
2.369657137083540594e-04
2.636332970557506996e-04
2.563869970315588165e-04
2.078076381154651288e-04
1.563618053837746073e-04
1.018286423604731643e-04
1.947949146696412756e-04
1.683022258454565151e-04
1.994859039743036746e-04
6.437726922473705664e-04
8.367671852209244065e-04
8.335048971000869186e-04
6.870802501445887056e-04
3.379167448431275598e-04
1.388402761321100624e-04
1.966823705601063068e-04
2.446440951070192899e-04
2.524783666054306822e-04
2.849015125415752642e-04
3.158491447410402705e-04
5.584500589111303630e-04
9.378192534043352764e-04
1.613044741265228345e-03
1.608351350089663474e-03
2.616828860034882474e-04
1.919434481556999165e-04
2.605372471592278471e-04
4.123830709533823826e-04
3.218968408146334224e-04
6.606746911758982913e-04
8.214664970163388638e-04
1.244409659635873407e-03
1.273279605578885639e-03
8.790510156804063517e-04
5.030377048643831306e-04
1.162327386750810088e-03
8.778343965429618494e-04
1.623496324751046681e-03
3.389880939574244426e-03
9.115314649681148518e-03
7.746747384610612464e-03
9.263742761980401242e-04
5.944920563086778399e-04
3.579814522284986808e-04
6.098281227757899447e-04
1.010237924273537681e-03
1.222998611299731635e-03
6.013516415041385158e-04
1.572394912903637412e-04
6.635687272947188211e-04
7.622450987770759733e-04
5.616481325487175397e-04
7.273208460539942743e-04
8.507200115399931499e-05
9.961702951527979253e-05
4.167655167945181886e-04
6.484395125586771454e-04
4.236604094181366199e-04
2.804316570507450149e-04
3.765257817825350345e-04
4.419647826142253095e-04
1.186688689771322043e-04
3.287057579685115144e-04
3.314280776961994485e-04
1.753972610937193865e-04
5.293004722801446975e-04
5.798250243518323580e-04
6.513643233626381862e-04
6.271821518580802555e-04
1.554908059712468722e-04
3.382376072751198601e-04
5.817704221260716277e-04
5.074814897989139402e-04
3.222304318586977382e-04
1.707027400446125068e-02
1.691255322376870526e-02
9.254701856120022907e-04
4.076014525997049935e-03
3.609983349728270417e-03
3.148389278514133333e-04
2.536974094277795965e-04
2.715495282238565263e-04
4.696812862799992772e-04
3.512644384250827000e-04
1.068501699021224063e-03
6.061352330679108981e-03
5.423624686222127018e-03
1.203739162633897779e-03
5.454490265596342001e-04
7.747750563180127613e-04
6.627773714175179713e-04
2.043971038748693602e-04
4.078516889825562646e-04
5.041408391873967998e-04
6.518133306637074629e-04
6.378474267685843189e-04
2.172220462343643610e-04
5.156394905964067346e-04
6.360837141436866387e-04
6.239683361007106579e-04
1.022746434284426938e-03
2.289012612102800186e-04
4.093657338613312089e-04
2.290672544632781256e-03
2.007755142489865783e-03
4.776569244755149890e-04
4.242171413857565715e-04
1.684413797887447358e-03
1.720708730354942369e-03
1.406688606195578015e-03
6.400078544157303869e-04
4.780513356537173931e-04
1.779592616204600725e-04
2.905328355626651490e-04
3.459780163870194948e-04
3.011653471076661715e-04
1.592239391038800800e-03
8.953928214466483956e-04
2.347507964792236099e-03
1.646773360015119092e-03
4.651682509135081941e-04
7.267468088481367000e-04
2.354191112889457167e-03
1.675118995366181151e-03
4.610098394802082927e-04
3.478926442615238863e-04
1.229421665596816884e-03
1.279617490794123262e-03
2.428576567123255745e-04
2.474793680428937349e-04
2.574598385426903925e-04
3.254734693927428878e-04
3.023624644325436685e-04
2.926254099442588482e-04
1.808317828322584121e-04
2.472632767877756496e-04
3.453484665519733119e-04
5.675855606464515809e-04
3.815938317001111289e-04
3.294028560814592091e-04
2.318827340166319025e-03
2.277201331514529335e-03
1.730558114254125408e-04
1.471536259892080255e-04
1.577508552024810555e-04
1.047506391646816970e-04
4.074613401167657186e-04
4.612346362186354283e-04
3.035299563535890136e-04
3.439977986049227174e-04
2.712729695380134863e-04
2.403755070450740606e-04
2.080502839339512088e-04
1.946215830537306951e-04
3.569652126679350151e-04
3.682235047454016042e-04
6.469691162370913009e-04
3.067020965060624242e-04
5.735120309844355920e-04
4.048901501670651242e-04
1.286517581790139815e-04
2.279292875833899420e-04
1.037638993509698571e-03
4.925649205778042002e-03
5.346027715769625585e-03
2.404820724896388363e-04
1.779845051508432020e-04
2.359705537294698072e-04
1.096175855458016694e-04
2.677219983392153946e-04
1.895977510491960415e-04
6.186904876304672829e-05
2.371150218307239510e-04
1.101263515793323095e-03
1.188252035268740287e-03
2.363602108972841676e-04
2.900019877751504826e-04
5.110177500937667251e-04
4.069904174754887809e-04
5.490340490622223858e-04
5.705652220067241849e-04
3.423605061139460494e-04
3.839255429813326608e-04
1.746926538747012488e-03
1.437778799768027645e-03
4.489931944029223782e-04
4.507795155305515181e-04
1.579112370582485463e-04
1.136352821822875383e-04
2.224548320196812010e-04
4.299243945512996575e-04
2.835843843218408184e-04
3.910673105214477899e-04
1.904382572458753126e-04
2.372217489382011672e-04
2.755337159903340307e-04
4.072507246166267984e-04
3.736090615793943143e-04
1.441489391706058710e-04
1.319400489936823891e-04
3.060894999702229945e-04
2.025059840925909046e-04
8.472748404414670099e-05
3.194706218655453617e-04
8.094798758361257309e-04
1.999047459893823434e-03
1.738754229811132705e-03
1.089294069755628340e-03
8.513379955089026051e-04
1.113885155107614366e-04
2.243047732865329099e-04
1.577764607732621172e-04
1.794382565507978843e-04
9.057765526617753756e-05
1.054928471913711593e-04
7.079029285433694992e-05
1.851313693746778712e-04
3.119735568899313074e-04
6.297634762895381721e-04
7.397883359782240955e-04
3.285436346776772097e-04
4.321057410030071204e-04
4.690214346258984976e-04
7.071324768259043276e-05
1.454524925880089185e-04
2.430981221979404286e-04
1.948132230906144291e-04
2.907359569102898581e-04
2.410726969751959261e-04
2.609293449275876535e-04
2.090057546052740821e-04
7.153478682705535665e-05
9.281088700220536936e-05
1.047237012729697412e-04
3.032935716613788767e-04
3.121769003537683751e-04
1.504208040541444593e-04
2.696535001200220166e-04
3.070287153876427220e-04
1.016920642686526842e-04
1.678623584586140418e-04
1.644038049028688075e-04
5.313009860825332532e-05
1.078789589850722195e-04
1.123600659703847014e-04
1.212928923514481900e-04
4.680891994871610941e-04
5.341148756000781497e-04
5.290925401280679861e-05
8.996292768662747139e-05
5.348678640332908381e-04
3.918629221686458441e-04
5.053927493454315328e-04
1.963930654673937419e-04
1.080245409482633425e-03
1.029115672938532740e-03
2.523006151957097026e-04
3.590718298478164181e-04
1.121120947527066546e-03
8.608580388122512002e-04
4.708131906428514877e-04
1.323194358978689795e-04
3.428072709123181181e-04
2.801283021116929067e-04
1.226241595144049912e-04
1.122366065954970592e-04
2.343341380992147857e-04
8.094741120736787562e-05
1.711564473159341297e-04
3.248286775039445893e-04
1.599230800978257720e-04
9.137350095843106321e-05
9.609596227867309311e-05
2.617528844097344364e-04
2.817359675114924434e-04
1.614295659576103553e-04
9.330323224143665067e-05
7.013177082570596840e-05
2.165288766281642490e-04
1.359140709057360624e-04
1.109368020857257010e-04
3.717742765161130211e-04
3.767966212935041541e-04
5.060580222993385762e-05
1.361599542591719343e-04
1.726476706269803013e-04
3.959010325194171074e-04
2.124690494693273854e-04
4.410344641872100788e-04
1.435144812136612802e-04
9.641049998717769786e-05
3.097621476586749937e-04
3.862425326709674131e-04
1.778736420963863648e-04
2.692193800204975042e-04
3.084969288551047653e-04
4.333291731523323544e-04
1.229868114660141796e-04
5.991242332432647141e-05
9.406090395915711166e-05
9.591147385704730695e-05
2.742971395720978636e-04
2.474858284773113104e-04
1.212278851459428527e-04
6.281309073367822779e-04
6.322262971731655795e-04
6.770884362508170797e-05
9.840782298583541313e-05
8.177787747230424889e-05
1.013773737787738982e-04
6.380101807429829162e-05
1.748031217633445379e-04
1.279701421025983613e-04
2.010844765159298247e-04
8.759697559082941446e-05
2.582881925214504056e-04
2.171510675523647793e-04
2.410017405197160414e-04
1.865962554388874361e-04
8.988092105205031362e-04
9.102485317111059203e-04
1.521400972960868403e-04
1.557917124787482673e-04
1.062799335676122437e-04
9.687325701507174718e-05
6.853751125698918879e-05
4.081494241487699918e-04
3.423236905540326933e-04
2.296269568991390279e-04
1.892108264155270341e-04
1.085909996293624966e-04
7.904295151772873767e-05
3.852305104579387726e-05
8.614056828250884470e-05
6.094545519258479029e-05
8.673820909992627963e-05
2.875164078259238187e-05
7.149003423926189257e-05
1.154319516788834577e-04
7.887477244572843799e-05
2.700962348229126310e-04
1.507913033815901137e-04
2.117705452728916313e-04
1.446459321424347949e-04
6.883643687875934110e-05
1.351175055538009716e-04
7.363662637111331342e-05
2.565230750248793587e-04
1.573968198778191686e-04
1.109136664446989332e-04
1.046725122481183972e-04
2.268594215917536046e-04
2.548814020473786127e-04
2.005508188111865470e-04
1.634613037686792906e-04
2.839757901112806055e-04
3.095118675879038610e-04
2.370608613495641672e-04
2.403837363126479438e-04
4.939147486426231828e-04
4.067692512191596458e-04
9.509628487965493971e-05
1.200293522293665222e-04
9.819930488426036150e-05
7.486535039280130363e-05
4.415661136705322361e-05
8.100954194467584559e-05
1.107874108449626054e-04
2.460214206798301854e-04
3.145414231633117874e-04
9.415434810226693495e-05
6.977819052134404121e-04
7.256522032803913507e-04
1.511735101310113238e-04
1.343040724051829983e-04
5.815259717530145899e-05
1.923975412589149609e-04
2.192603792661873693e-04
2.723708347264002742e-04
1.793608695879691953e-04
1.930190608202879366e-04
1.090062073249778164e-04
1.770524275937475443e-04
3.986569232654593102e-04
2.546087041102079360e-04
5.865363533693268382e-05
4.392399215010439557e-05
6.146864973028746374e-05
6.497989514067008601e-05
1.547279574044086933e-04
1.656065214427520141e-04
6.536417095733566948e-05
7.062886416033292063e-05
1.463162798997459993e-04
2.516414028971679243e-04
1.762588711025412746e-04
4.367594371253136990e-04
4.726251388128640445e-04
1.707043848273753263e-04
1.579450682356367791e-04
3.631820491689871666e-04
2.901970297947525077e-04
4.144200647843032133e-05
6.929558779466971487e-05
9.153071625014075363e-05
9.235949937891129802e-05
3.076795322973167315e-04
3.917428961421056083e-04
7.531789118099698312e-05
1.157126352394047313e-04
5.898124236488002010e-05
7.295254177297818014e-05
1.019756455248711855e-04
3.691886959031185538e-05
6.900687802205435076e-05
9.339317721362484261e-05
1.064289249190755380e-04
1.436341502743156292e-04
4.874882355777772347e-04
4.275177918855077759e-04
4.398290723162603949e-05
5.483950305756506101e-05
3.344455134909208997e-04
2.969382938812905682e-04
9.620091589881186480e-05
2.937882974236245338e-04
2.806687467160545258e-04
6.957690900497715122e-05
5.496582403612181538e-05
9.290371906923740981e-05
3.378677752159988659e-04
2.878232602392234393e-04
3.070305129505612106e-05
3.391585272125926821e-05
4.417406320401991989e-05
4.583424163810903297e-05
6.043800541548967776e-05
8.403063388294196550e-05
1.346563453727570654e-04
7.543042423407046802e-05
2.403040603312797281e-05
2.649966849152643171e-05
7.259768251907548688e-05
7.308962296998529459e-05
5.051062677940686163e-05
4.580902866488167436e-05
1.598807269637252205e-05
8.944559366332578243e-06
4.186977061430502386e-06
1.777898712511726085e-05
1.763224058044131747e-05
1.349977383864158180e-05
1.274242583266453448e-05
8.754501432435828840e-06
6.389193466171223871e-06
9.680226636933657035e-06
9.247351842318432907e-06
5.539561814075875567e-06
2.020888604267678668e-06
1.791458561152701244e-06
2.719904711251677880e-06
6.042672417457226661e-07
