# (648,)
0.000000000000000000e+00
0.000000000000000000e+00
0.000000000000000000e+00
1.555469310550821574e-05
2.559598809309849651e-05
1.872944375561619431e-04
1.770709092214268370e-04
8.976176807649456039e-05
1.375645006311120673e-03
1.343780062988820904e-03
6.444082437064420311e-04
3.039016843331597767e-04
2.813857972252344400e-04
1.687525467895838009e-03
2.662783235406311361e-03
2.455831021243903237e-03
1.126327769402661692e-03
1.151527274523405807e-03
9.640690863046567959e-04
2.866217136150826946e-04
3.270526782401185126e-04
1.561580547064563701e-04
4.880806269742771859e-04
1.712277419864592426e-03
1.665882468035872468e-03
3.343043693920522683e-04
6.970126802180278466e-04
6.299336843397625391e-04
2.883406166986813733e-04
4.077198698344002177e-04
1.038676646420831238e-03
7.961547448264053939e-04
3.582460218877210611e-03
3.428643241279749534e-03
7.440319125766546842e-04
2.570812485623536620e-03
2.304321510146883304e-03
3.447251703149339670e-04
1.398570365353261013e-04
2.069015057786797107e-04
1.319008830006741600e-04
5.272749556294582633e-04
9.084138984924422901e-04
2.374781046873475875e-03
2.803569990087975694e-03
1.259455286970484087e-03
6.387847858405268624e-04
5.792975473742851059e-04
1.067687427891249232e-03
1.078107105860546047e-03
4.532869105825987864e-03
4.513568633155363996e-03
4.757888661389471233e-04
5.748668143462077034e-04
3.669917620657485555e-04
3.650488230896450307e-04
4.794463725512888158e-03
4.850037019990649512e-03
2.553876118822869033e-04
5.371487532074288151e-04
8.476710543882834100e-04
1.004352986230734905e-03
8.878039521242258670e-04
9.820641189124351775e-04
4.545986793719571420e-04
3.616245230951459265e-04
6.163083867011981713e-04
9.553805131583642486e-04
8.369901826776392044e-04
6.012764082902134679e-04
7.005449673570919925e-04
3.533762104689282279e-04
1.098248789956445329e-03
8.923189384945336231e-04
1.291782646450085953e-03
1.500890689734722845e-03
4.944321766549264171e-04
8.787292371321643505e-04
1.163771616156302488e-03
7.666195599448774253e-04
6.312173724257651381e-04
2.288797198276147637e-03
2.128773632293867041e-03
2.896709574427016828e-04
1.111506392822980287e-04
1.387896650969423773e-03
1.363442913507082778e-03
3.763667541590026027e-04
2.703092224917106462e-04
5.987340007190979215e-04
6.621835283443983956e-04
9.027992600668551231e-04
7.735807885944272298e-04
8.102938884734314524e-04
2.389483206249558419e-04
7.063656439598929278e-04
5.674425238464684065e-04
1.005362832483132221e-03
1.494811445153399355e-03
1.651508273810030521e-03
2.248888366722569406e-04
1.336674160448542842e-03
2.978409403756200786e-03
1.856913658835438212e-03
2.288383249285127433e-03
1.009190392362291832e-03
5.339605436452229048e-04
2.366361095090453075e-04
4.386452424546740531e-04
3.221898135371526438e-04
1.124810237650752769e-03
1.103310293284240568e-03
2.401177894490256874e-04
3.874966801280418081e-04
5.146006694724768443e-04
2.749269580907800960e-04
6.942768668393569861e-04
7.290786879493842826e-04
5.238880825838609966e-04
7.768670397882428916e-04
7.719565621279860521e-04
1.136756433936794534e-03
9.266974376123396839e-04
1.561087363329791231e-03
3.111489691833111033e-03
2.989419789419497757e-03
3.794360294358997123e-04
2.578293395260958677e-03
2.243423925249571436e-03
1.694045238497146220e-03
3.038879992673725310e-03
4.946055551825266454e-03
2.423537508887987219e-03
2.892718776328643149e-03
1.557217028382936255e-03
1.540950653427172962e-03
1.492419797272427802e-03
1.002852721844688880e-03
8.401447174927301849e-04
9.920707968124240460e-04
4.613151688994962334e-04
2.420946340905512795e-03
2.323671305427230625e-03
9.348574760574161280e-04
1.352444449695629864e-03
1.555946984584246923e-03
9.864103131204469532e-04
9.562893773770561774e-04
2.680033721867002873e-03
1.956336017715502168e-03
4.947164673439010708e-03
2.948883675493222355e-04
1.283311079558156808e-03
1.981898315920408490e-03
2.340133804317954570e-03
7.989216122776512854e-04
1.097554512382934626e-03
8.032880228482715441e-04
5.712090306111806222e-04
1.120332655219724322e-03
1.096007577765143208e-03
3.797240017525895677e-04
4.006636709073614004e-04
3.200649353634005614e-04
5.332071295499307391e-04
3.595809366193415159e-03
3.308776087872211929e-03
5.854561990509989230e-04
7.989829822901995402e-04
5.509764054585174599e-04
4.633207545327645859e-04
7.343507751165896614e-04
1.723151439270225252e-03
3.495121161677372350e-03
1.989982423443707130e-03
4.332697396807194136e-04
2.434606365586653473e-04
2.560736843130907844e-04
4.737795093397510044e-04
4.510738407998457857e-04
3.536527098978585232e-04
8.434502895888191078e-04
1.874468889970328563e-03
1.510240414454153439e-03
9.258533217293131402e-04
6.561463323926627943e-04
3.272783504843833975e-04
1.924451367467713684e-04
7.634694682419145527e-04
7.594933490002180217e-04
3.287780703714444051e-04
3.658552954029110080e-04
2.787977699854168510e-04
4.103855723134552892e-04
3.793532218275635589e-04
2.261439696292281390e-04
8.892848561321908081e-04
7.590724502031954285e-04
8.836367663487656229e-04
1.023080538640502640e-03
2.570379354750982085e-04
2.467215475153560086e-04
2.195170139680779344e-04
1.665725592922615418e-04
3.037674549136296412e-04
3.617923041795902562e-04
2.382585881763906301e-04
1.576658288343817452e-04
6.968546409706059168e-04
7.731921126037761497e-04
5.125909055683825931e-04
1.851027833554944350e-04
1.941287105062229298e-04
1.004981918360910598e-03
1.315969657101239256e-03
1.173619057906269284e-03
1.318782844964647193e-03
3.916708439657659753e-03
3.726582497005798914e-03
8.957527997640202938e-04
6.840251773517393033e-04
8.545154316776742108e-04
7.047721671749762216e-04
1.197796219594907900e-03
1.012374997281830164e-03
1.082599576121973323e-03
5.553970381433384314e-04
5.190871910611994126e-04
1.907476343267989300e-03
1.941911958855348360e-03
1.116153057724810762e-03
1.149314756747358592e-03
7.320006709228150379e-04
5.487419341223696758e-04
8.807210391538954032e-04
7.817189439130964876e-04
6.614944016923581882e-04
2.296456456721277656e-03
1.565890539298541708e-03
1.067711603357715945e-04
1.930355777519713299e-04
3.029694748113560235e-04
7.615117808173366577e-04
8.083310950814089155e-04
3.000010112986429460e-04
4.648266768288134791e-04
4.399795916601536606e-03
4.054984607968668657e-03
5.052937335881677256e-04
3.499415321882687032e-04
2.008019897208697033e-04
5.678757626519903004e-04
1.030255535917914749e-03
5.830396159494779856e-04
5.208224051843001693e-04
7.361685634088548785e-04
3.863658695180738670e-04
1.237910004394527546e-03
1.229851019194665943e-03
2.474118795414391989e-04
4.586703645003105206e-04
3.945593817475305065e-04
5.600554680891167876e-04
3.104669017064257564e-03
3.213922103130065384e-03
6.724473868529660643e-04
9.036754001347654334e-04
1.021079297947784324e-03
5.442630156188752420e-04
1.883484825815176544e-04
1.832229799260594880e-03
2.072709164016792865e-02
1.909337707165354239e-02
4.012171315787985745e-04
3.202849163598952436e-04
3.391943553155498964e-04
2.550966072509183442e-04
4.499985630347992953e-04
4.591061052084772164e-04
7.745339283243882732e-04
6.444435220313585394e-04
5.530279654346005255e-04
4.224206821976109671e-04
2.822992857424628989e-03
2.424642504575808943e-03
1.386905488117462374e-03
1.330401436262181264e-03
3.787916603981362541e-04
5.924850483316378624e-04
6.694603587301638237e-04
1.022479120846432219e-03
3.111820322070143075e-04
1.519235170707721469e-04
4.067535215767676890e-03
3.471178756672220651e-03
9.251506041183124238e-03
8.278429041272366076e-03
5.564902049015269317e-04
5.705711925395146825e-04
1.762011590757642688e-04
4.425177289382585142e-04
3.063976344253677587e-03
3.812771674902672332e-03
4.625005220370435183e-03
2.430577964354140117e-03
8.929156049138551026e-04
1.872012782870921945e-04
8.038647639248140860e-04
3.489879892679500399e-04
1.059612582646955129e-03
2.243288929839609301e-04
1.594036355526671264e-04
1.368029371788639361e-03
1.338446602704106104e-03
2.154130477857070514e-04
5.421745234979455982e-04
5.090598804673161001e-04
2.176752203962454624e-04
1.929976184364857875e-04
2.394229304897499064e-04
2.117841582079940047e-04
2.139799034228232779e-04
2.029880466900366425e-03
2.446991685096812971e-03
5.828568921278222230e-04
2.149581718101031022e-04
1.052644591550076650e-03
1.036655081507115985e-03
2.338790511827526855e-04
1.204987291676967465e-04
2.694107459748940362e-04
2.597059172584586899e-04
2.519586258198749148e-04
8.544240985418241185e-04
8.440558189652595626e-04
4.021110058439014527e-04
1.942455962170861806e-04
3.590328072716938426e-04
7.866643820599944969e-04
3.818326936900236896e-04
3.571954940212357420e-04
1.705461949472130659e-04
4.250793203566261285e-04
4.865414627236237972e-04
3.003758693146664450e-04
2.088313409902991006e-04
1.670131025732164763e-04
6.989156258000177487e-04
2.877748845018122058e-04
4.543249644305772869e-03
4.046414500106445752e-03
8.317981282743068874e-04
7.111469584710139935e-04
3.420798096715595778e-04
3.822280219885707138e-04
8.049894121658768276e-04
9.022240521404885144e-04
1.299538589827209465e-03
2.213755133201713524e-03
1.054165925462501475e-03
1.887264815719916352e-03
9.551685374143088823e-05
3.128548077664435197e-04
7.126227892952092646e-04
1.715500345043545016e-04
9.152571015093775592e-04
6.388917985685043386e-04
1.442121308064663336e-04
4.105742144662559282e-04
1.552099690665343311e-04
5.792439603285302495e-04
5.225846255228167947e-04
1.372827039348455179e-04
2.019597256758584700e-04
1.762477755519065582e-04
8.498738401999386888e-05
1.126677816435955762e-04
1.640264166672146789e-04
2.495727226028896764e-04
2.300766025000855052e-04
7.515122190365896714e-05
8.883445442506284287e-05
1.363809047197188113e-04
1.417522734934749721e-04
1.163041229396137469e-04
9.806685542897215671e-05
1.368230312937739426e-04
2.886944477681776091e-04
4.310675372003286931e-04
2.767543403754103523e-04
5.820220705196802293e-04
2.607782811656643484e-04
4.457100156693299692e-04
1.862629588438098572e-03
1.973262484943800327e-03
1.652839124510643680e-04
1.173008034922036578e-04
8.723475055088656305e-05
2.611573612038885564e-04
4.445549993232747379e-04
2.731314758953214388e-04
7.383302319216003464e-05
9.465603324631579869e-05
1.085102506508907929e-04
9.235299595096603921e-05
1.184186264837574527e-04
1.359429407194125583e-04
7.715460298821135094e-04
7.395603661518350891e-04
3.118159308019085945e-04
1.292849651041576330e-04
1.833964407219159157e-04
1.254486829578828561e-04
8.340907901208027202e-05
2.593322668633376649e-04
4.891107354185334280e-04
3.212519521050279472e-04
1.912672636443300649e-04
1.456933980647483618e-04
1.155046642661867312e-04
1.338459940817827683e-04
1.211970611092341672e-04
1.143370238620215707e-04
3.537167714560199012e-04
4.589535200732640851e-04
1.013592987018739318e-03
1.058085401220568980e-03
9.206660520094657690e-05
1.800844926005783350e-04
6.243340588294660003e-05
2.415556994743116022e-04
2.960413123509311783e-04
2.310072044404921292e-04
2.554490742059190109e-04
3.894034804095418715e-04
3.043281616204324006e-04
1.718025588218437315e-04
7.482663726147112295e-05
1.047683835696228789e-04
1.948144304268328159e-04
2.356135058886468325e-04
1.048135061078272248e-04
1.256231180218171455e-04
1.956204210269538884e-04
1.520488361798069058e-04
3.345528424000812281e-04
2.688943115313502949e-04
1.630147823719421696e-04
1.528693121379869557e-04
1.234827045763845757e-04
1.906960242675708817e-04
2.141137256975575085e-04
4.656804292515960195e-04
4.513016325520816585e-04
2.118404094637631933e-04
9.994335534944931692e-05
1.097043414373206286e-04
3.571194592261274286e-04
3.703329709262738055e-04
7.139470187266242147e-05
1.909601177573785565e-04
3.149709701507179271e-04
1.337745607304621407e-04
1.210498763162540307e-04
1.207624449569764361e-04
2.120643780445088456e-04
1.430779455806862601e-04
3.237531483538120115e-04
2.128223611862213019e-04
1.180290107644921531e-04
2.495830791688605937e-04
3.636539672987213964e-04
4.357066316107898797e-04
3.450783145656289349e-04
1.897016738780202174e-04
3.337619031370986540e-04
4.304812791853570436e-04
4.128020318896285612e-04
3.671356263348891057e-04
6.012591603194088283e-04
5.041143637396736403e-04
2.629957556816359446e-04
1.579703958155333785e-04
1.809131149758866342e-04
5.069465965205206771e-04
5.736241371749795006e-04
1.898062363592479206e-04
9.833532083521672406e-05
7.787804914613207169e-05
2.520361219287927702e-04
2.496301231533442190e-04
1.632536532214123491e-04
1.541292598903487175e-04
2.073888891397525206e-04
2.675919959745500865e-04
2.898504322755443780e-04
3.885619248161827229e-04
1.069248512207005968e-04
1.865206180485278527e-04
1.242653217009414158e-04
1.330398563432080123e-04
1.215599129235696052e-04
7.612063458671267709e-04
7.353739807833775764e-04
1.332694057163654930e-04
3.279383914703737531e-04
2.697712820581718248e-04
4.304601197057338459e-05
6.045193797547536072e-05
6.910022167097610256e-05
1.327580640397884378e-04
1.470207156692141697e-04
1.202757344046144971e-04
9.644405697596683210e-05
7.305043566753367920e-05
1.151865814983023956e-04
2.320804356798685257e-04
1.694353546471206507e-04
4.371843905497255830e-05
8.027667017341662769e-05
9.716196528246591132e-05
7.103365569131813123e-05
6.085975101921326419e-05
9.989551135912156906e-05
1.204963359050884459e-04
8.776181409612547526e-05
1.754984150893556616e-04
4.094924282498415831e-04
2.701453484989587588e-04
1.749550308923408987e-04
5.452599891259994548e-05
7.119249890998594803e-05
1.540319990086751851e-04
3.044279613221144865e-04
2.428148220160411151e-04
1.023365178025271104e-04
7.621264428051174845e-05
1.039039485529017772e-04
6.266572423431772377e-05
1.654034547687586228e-04
2.950398228042555343e-04
2.144246955629563859e-04
1.650872477120827661e-04
2.807163788770236949e-04
1.858064032778219466e-04
1.510382101278084227e-04
1.507508162447520239e-04
1.176537424986056019e-04
4.531692714465805562e-04
5.442099030648702047e-04
1.145089765167956841e-04
1.365638822691094955e-04
1.315479382904354531e-04
1.476595353139175326e-04
1.053754331618139396e-04
1.736538739232180658e-04
1.289052638856699479e-04
1.361047886314820684e-04
1.035874797304818301e-04
1.862997163152614599e-04
2.811575439731164210e-04
3.310279760361229230e-04
1.100652636191600951e-04
1.124014286544635380e-04
1.303882445506839829e-04
1.220395253885059230e-04
2.305661053050249280e-04
3.917674092074748763e-04
3.987330684952146735e-04
5.038797025087698436e-04
3.289626257666495700e-04
4.064553618896091648e-04
6.802722493898279567e-05
7.638601204705677611e-05
4.227090685614321201e-05
1.310153551192680356e-04
3.277023929105323170e-04
4.283135811436280019e-04
4.124963344223753063e-05
1.014209027063582325e-04
1.327067726668557492e-04
1.785768005845631673e-04
2.746961948670439968e-04
2.548563154374491380e-04
1.357298104881286111e-04
1.030948132293924631e-04
1.555841039132762379e-04
1.102008799326056838e-04
7.332226004595502537e-05
1.358495957772987855e-04
1.490294031049159147e-04
2.641794805131159364e-05
1.038277649380613999e-04
2.178567639339070957e-04
2.217020925717972865e-04
1.290037083032092007e-04
3.463135072291180717e-05
3.937936307420429073e-05
1.628595729936616130e-04
1.737729433692394312e-04
6.427585449948988749e-05
9.718692250750281562e-05
1.032570730369869038e-04
5.800851262921943266e-05
5.003057040910221544e-05
3.091862265902359583e-05
1.412580653397036371e-05
4.815408782401038650e-05
6.488077588336168438e-05
3.817213236556784705e-05
2.787926827869886948e-05
5.715671494768518739e-05
2.950860335946789661e-05
2.889614497986413809e-04
2.578333143865450729e-04
9.686256522727444468e-05
6.837027912089271050e-05
1.001912036618798175e-04
5.088347678873363051e-05
3.016964406878885717e-05
2.830448277470814855e-05
5.821407062925858114e-05
1.113329324836929469e-04
7.051862409974179384e-05
2.661146439888400245e-05
2.644446435202447935e-05
2.132173300411871104e-05
3.871903651257831353e-05
2.311245100067048960e-04
2.593817112717050968e-04
2.630877788154890797e-05
3.251497289753830957e-05
2.682046731975943856e-05
2.528436974549087799e-05
8.070235349290339651e-06
8.059557021239617720e-06
2.167812220218587533e-05
9.767504050061871681e-06
4.787836522605443328e-06
1.193783690882327190e-05
1.610307382899269844e-05
1.372289812740860194e-05
4.326365237343417427e-06
1.156768976976135288e-05
1.062091084007113189e-06
5.692949625987862415e-06
2.829793998419956428e-06
1.461976730741547291e-06
