0.000000000000000000e+00 0.000000000000000000e+00 0.000000000000000000e+00 0.000000000000000000e+00 0.000000000000000000e+00 0.000000000000000000e+00 0.000000000000000000e+00 0.000000000000000000e+00 0.000000000000000000e+00
9.090909091000000386e-02 0.000000000000000000e+00 0.000000000000000000e+00 3.071603817712163842e+00 3.680666930289506311e+00 8.636756887632538238e+00 4.474802193521559279e-01 4.568132187245528830e-01 3.417915512137529310e-01
1.818181818000000061e-01 0.000000000000000000e+00 0.000000000000000000e+00 3.049986015372661008e+00 2.910379547165530489e+00 8.519565805181033014e+00 1.457480776411700152e+00 7.594551086213969793e-01 7.111946463216061165e-01
2.727272727000000230e-01 0.000000000000000000e+00 0.000000000000000000e+00 2.662379377007173975e+00 1.881043731952094289e+00 7.589207288584272071e+00 2.661943359197130654e+00 8.502785916927758647e-01 9.652452988065804984e-01
3.636363636000000121e-01 0.000000000000000000e+00 0.000000000000000000e+00 9.267484621614762164e-01 1.822110147236254196e+00 5.874557988447100421e+00 3.330759910615720631e+00 8.718290756259762242e-01 6.623102922195206466e-01
4.545454545000000013e-01 0.000000000000000000e+00 0.000000000000000000e+00 2.559313693702788273e-01 6.472835042140742123e-01 3.331255336036412551e+00 2.617904249220290858e+00 3.553881116016406327e-01 2.491585752647378083e-01
9.090909091000000386e-02 9.090909091000000386e-02 0.000000000000000000e+00 4.761317347000000311e+00 4.903679327999999948e+00 8.148047401999999551e+00 8.550790860000000437e-01 8.260745099999999841e-01 2.792491449999999764e-01
1.818181818000000061e-01 9.090909091000000386e-02 0.000000000000000000e+00 4.624339048268164554e+00 4.146671750026477810e+00 7.605009065710861549e+00 1.140783274124028024e+00 1.127373505974266887e+00 6.222090828022506237e-01
2.727272727000000230e-01 9.090909091000000386e-02 0.000000000000000000e+00 3.932683163642811675e+00 3.322127677473132312e+00 7.229179261262514977e+00 2.185659185454307707e+00 1.292481959789323120e+00 8.266226340619090562e-01
3.636363636000000121e-01 9.090909091000000386e-02 0.000000000000000000e+00 2.235933669631175569e+00 3.714749409453905304e+00 6.254552158524403715e+00 3.278679009892985441e+00 1.170683773453998766e+00 8.139160181783945403e-01
4.545454545000000013e-01 9.090909091000000386e-02 0.000000000000000000e+00 1.715632789849869111e+00 3.400756459326057968e+00 4.636676620075153465e+00 3.446388102167674106e+00 7.963428215400898402e-01 5.606993470940063728e-01
5.454545455000000542e-01 9.090909091000000386e-02 0.000000000000000000e+00 1.460125353917025581e+00 3.540904601853394063e+00 1.550092857065584750e+00 1.328646899108423485e+00 5.492360223319762147e-01 1.667470187224006917e-01
6.363636364000000434e-01 9.090909091000000386e-02 0.000000000000000000e+00 1.543900117117993132e+00 4.185615512456966059e+00 4.985501160202310267e+00 3.589627098088520984e+00 3.944679359857756196e-01 7.824825811523127284e-01
7.272727273000000325e-01 9.090909091000000386e-02 0.000000000000000000e+00 2.361219538913147620e+00 4.750688026985696588e+00 6.520478015833518270e+00 3.236144537638583785e+00 8.358676088591364683e-01 9.481219574251283921e-01
8.181818182000000217e-01 9.090909091000000386e-02 0.000000000000000000e+00 3.185344633488294885e+00 5.043609452278221994e+00 7.441102837696350392e+00 2.125245196306802420e+00 1.051194292927342344e+00 8.486787507232586014e-01
9.090909091000000108e-01 9.090909091000000386e-02 0.000000000000000000e+00 3.792917342538164593e+00 4.882091328579570622e+00 7.846251566305948444e+00 9.213892076429880396e-01 1.036359829797230958e+00 6.627540001702250105e-01
1.818181818000000061e-01 1.818181818000000061e-01 0.000000000000000000e+00 3.450806657000000222e+00 3.378288389999999808e+00 7.502773581999999664e+00 1.481431326000000048e+00 1.469903272000000038e+00 9.079192806000000449e-01
2.727272727000000230e-01 1.818181818000000061e-01 0.000000000000000000e+00 2.938039070091559513e+00 2.916407248275396658e+00 6.495719340916033424e+00 1.689111271582861562e+00 1.756979619262057479e+00 1.179754308376810501e+00
3.636363636000000121e-01 1.818181818000000061e-01 0.000000000000000000e+00 2.369224075340748747e+00 3.259249333792152203e+00 5.070039295823797865e+00 2.922077616532472000e+00 1.620617260117369396e+00 9.902052402071337411e-01
4.545454545000000013e-01 1.818181818000000061e-01 0.000000000000000000e+00 1.923581944015055889e+00 3.617665687331768520e+00 4.125487167705313318e+00 3.766712002490232081e+00 1.324091770853198513e+00 5.488856618896802431e-01
5.454545455000000542e-01 1.818181818000000061e-01 0.000000000000000000e+00 1.634819520300167639e+00 4.109850674413380034e+00 2.461248479450869109e+00 2.589810447655064074e+00 1.085856359741273591e+00 8.043179909490552615e-02
6.363636364000000434e-01 1.818181818000000061e-01 0.000000000000000000e+00 1.573797332619339517e+00 4.504884569406915951e+00 4.137528998203112707e+00 3.620374693490069795e+00 1.074677794057221858e+00 2.095390360340806668e-01
7.272727273000000325e-01 1.818181818000000061e-01 0.000000000000000000e+00 1.939835086116910690e+00 4.377059602290390927e+00 4.883412491556900825e+00 3.974213064982668797e+00 8.870318835534464208e-01 5.084019238316955791e-01
8.181818182000000217e-01 1.818181818000000061e-01 0.000000000000000000e+00 2.349538905350359919e+00 3.976832387128567792e+00 5.205230179838468807e+00 3.092493610962904427e+00 6.775942195381758903e-01 9.265008171839370643e-01
2.727272727000000230e-01 2.727272727000000230e-01 0.000000000000000000e+00 1.504881173000000016e+00 1.327387244000000077e+00 6.516644815000000257e+00 1.610946140000000026e+00 1.647400479999999945e+00 1.817575582999999995e+00
3.636363636000000121e-01 2.727272727000000230e-01 0.000000000000000000e+00 1.722738606214663459e+00 1.050486489811165658e+00 5.584643323803804016e+00 2.263737360627650741e+00 1.566624914339211694e+00 1.778240266199969000e+00
4.545454545000000013e-01 2.727272727000000230e-01 0.000000000000000000e+00 7.111822396830350668e-01 3.198126645486322861e+00 3.898613134103391609e+00 3.551632950875842631e+00 1.266060743924840581e+00 1.217351275472307259e+00
5.454545455000000542e-01 2.727272727000000230e-01 0.000000000000000000e+00 5.821718957528194682e-01 2.754758968284775733e+00 2.049174645210459111e+00 3.801472105191868511e+00 1.064623823105645961e+00 6.984434452036191177e-01
6.363636364000000434e-01 2.727272727000000230e-01 0.000000000000000000e+00 7.882881706980333636e-01 2.241904077944761653e+00 2.491637897515275313e+00 1.928696850386830475e+00 1.138888685003289769e+00 3.516381662025147015e-01
7.272727273000000325e-01 2.727272727000000230e-01 0.000000000000000000e+00 1.341152512415130449e+00 2.717106727804716737e+00 3.253903414922338477e+00 4.089681943155940580e+00 1.179911681460977801e+00 1.618717243785413318e-01
3.636363636000000121e-01 3.636363636000000121e-01 0.000000000000000000e+00 2.727420788000000096e-01 1.703286414000000082e-01 5.372281934000000092e+00 1.221547941000000082e+00 1.180638639000000101e+00 2.713585734000000027e+00
4.545454545000000013e-01 3.636363636000000121e-01 0.000000000000000000e+00 1.125216933845547107e+00 2.458758431199599137e+00 4.822078325416344846e+00 3.189337699243332214e+00 7.638682252824726682e-01 1.908811610453269303e+00
5.454545455000000542e-01 3.636363636000000121e-01 0.000000000000000000e+00 9.423664584898495677e-01 4.323793654014061794e+00 3.972861060039607484e+00 3.957489165930369701e+00 5.402438004402710936e-01 1.442698914652713382e+00
6.363636364000000434e-01 3.636363636000000121e-01 0.000000000000000000e+00 9.140324808878119711e-01 2.852703846324359471e+00 2.913014500211680957e+00 6.548161596562042108e-01 9.051766152890399209e-01 9.995386904186800425e-01
4.545454545000000013e-01 4.545454545000000013e-01 0.000000000000000000e+00 3.678525477999999849e-01 4.476385118999999801e-01 4.340192498999999593e+00 3.512245915999999912e+00 4.129043271999999765e-01 4.358521001999999811e-01
5.454545455000000542e-01 4.545454545000000013e-01 0.000000000000000000e+00 9.740245364253545812e-01 3.419417091996952873e+00 3.833065413785575970e+00 3.388295659337233978e+00 3.108769791521326376e-01 1.478380740897522250e+00
2.727272727000000230e-01 1.818181818000000061e-01 9.090909091000000386e-02 3.186028403319278279e+00 4.056983382379391934e+00 6.566203544561983740e+00 1.847967963783660128e+00 1.190216998587879438e+00 9.941840764939062769e-01
3.636363636000000121e-01 1.818181818000000061e-01 9.090909091000000386e-02 2.804659284550168330e+00 4.414630401827536410e+00 5.594285119758934499e+00 3.008279384489179087e+00 1.185758285460891903e+00 9.513206538106386834e-01
4.545454545000000013e-01 1.818181818000000061e-01 9.090909091000000386e-02 2.201327657210584654e+00 4.374292817790605525e+00 5.047755040231566959e+00 3.910616949069708692e+00 1.087374002025498720e+00 6.795163554921294091e-01
5.454545455000000542e-01 1.818181818000000061e-01 9.090909091000000386e-02 1.915155690389090948e+00 4.062492012609546954e+00 3.685704371183719186e+00 3.435785272172264371e+00 8.742362823074293354e-01 2.232768001315134920e-01
3.636363636000000121e-01 2.727272727000000230e-01 9.090909091000000386e-02 1.455719410165884353e+00 2.753869391846300640e+00 5.457590016849143133e+00 2.455937847595738077e+00 1.433140566963825080e+00 1.361678181613459548e+00
4.545454545000000013e-01 2.727272727000000230e-01 9.090909091000000386e-02 1.867925221477908737e+00 3.138441214232637666e+00 4.062045370493712504e+00 3.610702354699569572e+00 1.494344310197534220e+00 1.071696093868592659e+00
5.454545455000000542e-01 2.727272727000000230e-01 9.090909091000000386e-02 1.770950153206140909e+00 2.504250780373871166e+00 3.096249986385664954e+00 4.091399310679860513e+00 1.159261623177470391e+00 6.308432332749274174e-01
6.363636364000000434e-01 2.727272727000000230e-01 9.090909091000000386e-02 1.735074216321454310e+00 2.665581709702228519e+00 1.252442798025835025e+00 1.452241563226265741e+00 9.051591014394138046e-01 4.372745797209758312e-01
7.272727273000000325e-01 2.727272727000000230e-01 9.090909091000000386e-02 1.786241356618358145e+00 3.201241361231640603e+00 3.782000597558455635e+00 4.105076547858728553e+00 9.928615093298154282e-01 5.123983168577043168e-01
8.181818182000000217e-01 2.727272727000000230e-01 9.090909091000000386e-02 1.969225878094569060e+00 3.313498930487763339e+00 3.910274122462157553e+00 3.810137561844285425e+00 9.673792241012355575e-01 8.367148485089404009e-01
4.545454545000000013e-01 3.636363636000000121e-01 9.090909091000000386e-02 1.071942065866264837e+00 2.409754063272211422e+00 4.791709701707900670e+00 3.119803511845678834e+00 1.370442608303584331e+00 1.510471332770750408e+00
5.454545455000000542e-01 3.636363636000000121e-01 9.090909091000000386e-02 1.227584776757568719e+00 3.410997634310091620e+00 3.747713683227009263e+00 3.979722567429770042e+00 1.160379209816015722e+00 1.291438101790114645e+00
6.363636364000000434e-01 3.636363636000000121e-01 9.090909091000000386e-02 1.747457633680766342e+00 2.793451788377577572e+00 1.918961520666184084e+00 2.808017202993994044e+00 8.051881002604180937e-01 9.567074979045190330e-01
7.272727273000000325e-01 3.636363636000000121e-01 9.090909091000000386e-02 1.680084999852578642e+00 1.224918372989059590e+00 2.890111403780901700e+00 2.688362484562214494e+00 9.728474217003606483e-01 7.848243606919672599e-01
5.454545455000000542e-01 4.545454545000000013e-01 9.090909091000000386e-02 2.220214234442661638e+00 2.885907495266159639e+00 4.346628179047615781e+00 3.850216554421521220e+00 8.816480066051867182e-01 1.196176044444836606e+00
6.363636364000000434e-01 4.545454545000000013e-01 9.090909091000000386e-02 2.820610367055814027e+00 4.311916096835915369e+00 2.590950305360671280e+00 1.907939703001161336e+00 9.408494651567678169e-01 1.378852443044023657e+00
5.454545455000000542e-01 3.636363636000000121e-01 1.818181818000000061e-01 1.802694631346547505e+00 2.707844975629351669e+00 3.197840063214842488e+00 3.830562675708209408e+00 9.749242636369271908e-01 9.753877290633427011e-01
6.363636364000000434e-01 3.636363636000000121e-01 1.818181818000000061e-01 1.923257939990545173e+00 1.686194579217713763e+00 2.531812388968751826e+00 3.114364254017502276e+00 5.627274390294461082e-01 8.744555160787904624e-01
6.363636364000000434e-01 4.545454545000000013e-01 1.818181818000000061e-01 2.394725388818796041e+00 2.729199469664644884e+00 3.216523667018112320e+00 3.460293477397882178e+00 4.573908877270745355e-01 8.488458639732683331e-01
7.272727273000000325e-01 4.545454545000000013e-01 1.818181818000000061e-01 2.750141486118523382e+00 2.405357567499197380e+00 2.464419623808712601e+00 1.555872764736167868e+00 5.013537906137450761e-01 9.418685297105892085e-01
