0. 0. 0. 0. 0. 0.
9.09091e-02 0.00000e+00 0.00000e+00 9.99169e+01 1.03950e+02 9.80936e+01
 0.18182  0.       0.      84.6117  94.5283  83.63397
 0.27273  0.       0.      68.80435 81.53989 69.52619
 0.36364  0.       0.      60.52782 67.72524 60.403  
 0.45455  0.       0.      51.97382 48.48147 45.34921
9.09091e-02 9.09091e-02 0.00000e+00 9.76746e+01 1.05767e+02 9.69221e+01
1.81818e-01 9.09091e-02 0.00000e+00 9.03919e+01 9.80954e+01 8.87886e+01
 0.27273  0.09091  0.      77.56512 84.4366  81.64681
 0.36364  0.09091  0.      71.18208 73.51084 77.86043
 0.45455  0.09091  0.      71.03402 66.66109 73.74111
 0.54545  0.09091  0.      55.37381 40.53475 59.15444
 0.63636  0.09091  0.      73.95328 74.56469 76.78579
 0.72727  0.09091  0.      75.18387 86.72441 81.54696
8.18182e-01 9.09091e-02 0.00000e+00 8.13630e+01 9.45472e+01 8.57035e+01
9.09091e-01 9.09091e-02 0.00000e+00 9.04274e+01 9.33941e+01 9.06562e+01
 0.18182  0.18182  0.      83.18547 90.91878 79.98171
 0.27273  0.18182  0.      71.49724 75.60067 71.85333
 0.36364  0.18182  0.      60.94075 63.33505 58.51589
 0.45455  0.18182  0.      61.89733 60.78511 58.5119 
 0.54545  0.18182  0.      57.62424 58.9472  50.79384
 0.63636  0.18182  0.      74.57376 69.06782 62.66581
 0.72727  0.18182  0.      71.21257 78.21017 68.51094
 0.81818  0.18182  0.      67.61409 73.95739 65.47993
 0.27273  0.27273  0.      65.61081 77.5677  65.61486
 0.36364  0.27273  0.      60.49176 68.3843  66.11881
 0.45455  0.27273  0.      55.08019 62.93235 58.55083
 0.54545  0.27273  0.      42.84201 54.1478  41.06864
 0.63636  0.27273  0.      40.00237 37.694   36.20535
 0.72727  0.27273  0.      54.6154  57.85145 50.64294
 0.36364  0.36364  0.      56.25554 71.91751 55.64872
 0.45455  0.36364  0.      62.29837 66.02496 67.18183
 0.54545  0.36364  0.      65.47236 70.20739 64.43911
 0.63636  0.36364  0.      40.51347 43.90263 33.71303
 0.45455  0.45455  0.      51.49417 54.16697 50.95567
 0.54545  0.45455  0.      41.00481 67.3581  44.88725
 0.27273  0.18182  0.09091 78.67922 73.59209 77.02052
 0.36364  0.18182  0.09091 69.59626 65.92832 70.41181
 0.45455  0.18182  0.09091 70.7824  71.01478 71.24938
 0.54545  0.18182  0.09091 69.26524 71.21024 62.80877
 0.36364  0.27273  0.09091 63.39678 70.09049 67.51711
 0.45455  0.27273  0.09091 57.64801 67.48617 62.67464
 0.54545  0.27273  0.09091 52.25944 64.12766 56.16084
 0.63636  0.27273  0.09091 40.22006 36.74066 45.97255
 0.72727  0.27273  0.09091 60.13114 61.74334 59.64482
 0.81818  0.27273  0.09091 61.28059 64.884   62.54848
 0.45455  0.36364  0.09091 59.85027 66.27012 67.54424
 0.54545  0.36364  0.09091 63.83803 67.20467 71.78265
 0.63636  0.36364  0.09091 41.92305 48.15239 52.33528
 0.72727  0.36364  0.09091 40.34876 44.915   51.38478
 0.54545  0.45455  0.09091 62.74643 71.52316 72.81824
 0.63636  0.45455  0.09091 57.78161 64.95499 75.70513
 0.54545  0.36364  0.18182 56.52225 65.26674 55.0668 
 0.63636  0.36364  0.18182 37.87447 51.49911 39.92398
 0.63636  0.45455  0.18182 52.50492 55.62692 56.84898
 0.72727  0.45455  0.18182 37.1555  47.72037 39.01258
