-1.948364931053311941e-07 -7.250271799054729120e-08 2.008586047179543955e-07 1.537854451496463426e+01 1.537854451496668773e+01 1.537854451496669128e+01
4.379833724076129808e-01 5.060831748709970768e-01 8.226553341613621617e-01 1.536274948985486155e+01 1.536898278301404730e+01 1.537236413896777343e+01
8.708905356970805256e-01 1.003504126407217090e+00 1.620573828757419399e+00 1.531597605253041650e+01 1.533881094152144264e+01 1.535463456341233801e+01
1.293711928581567916e+00 1.482846287706095278e+00 2.373587805947519502e+00 1.524005929996027042e+01 1.528421611922945011e+01 1.532736973276365511e+01
1.701566912082153271e+00 1.933417876809631064e+00 3.070096200267365738e+00 1.513805057371715890e+01 1.520080221435096135e+01 1.529267248325924911e+01
2.089758816381245499e+00 2.343142040396414050e+00 3.709637796639523089e+00 1.501418149139672487e+01 1.508590244866273800e+01 1.525137277955709614e+01
2.453823210894177098e+00 2.698994565223935993e+00 4.302952890915183737e+00 1.487376965680099161e+01 1.494076416942683849e+01 1.520207172472641055e+01
2.789575109834314226e+00 2.988159913506003740e+00 4.868788836207844639e+00 1.472303601456515842e+01 1.477189555420335232e+01 1.514116906121991235e+01
3.093167502499063026e+00 3.200146514166194667e+00 5.427918540529611313e+00 1.456881204898083659e+01 1.459098144649094841e+01 1.506399777715082422e+01
3.330035009613374619e+00 3.361179805844425772e+00 5.996399142146588090e+00 1.441306361727326646e+01 1.441813158154200991e+01 1.496659701828302325e+01
3.382583316417630215e+00 3.590757106661617737e+00 6.580769643682650383e+00 1.425323859024072526e+01 1.427772525210906629e+01 1.484733165535556232e+01
3.375972739720384919e+00 3.779815103528088915e+00 7.176935911616652675e+00 1.412289420089975245e+01 1.415346301471983104e+01 1.470767947691034294e+01
3.342839794922120245e+00 3.927308668639732048e+00 7.772645421254143372e+00 1.402701244870394959e+01 1.404981618596976922e+01 1.455187361357889309e+01
3.325666513288975334e+00 4.033535894380673170e+00 8.352112135118735736e+00 1.396369532670724922e+01 1.396942781486440133e+01 1.438546221552556936e+01
3.365042114590479194e+00 4.100422815251322461e+00 8.901067092008055681e+00 1.391287840350205052e+01 1.392589585623142057e+01 1.421315835141099271e+01
3.484489274902319522e+00 4.131718330413675311e+00 9.410806725391200445e+00 1.387870608422517016e+01 1.390429330313794054e+01 1.403665279197566740e+01
3.681472864130300060e+00 4.133030931105116323e+00 9.880171632722289488e+00 1.385329850161198806e+01 1.386368922346925636e+01 1.389007530379185695e+01
3.931112974455279740e+00 4.111654651098461954e+00 1.031487225554919540e+01 1.365646514801479228e+01 1.386334149653316494e+01 1.387687713866011840e+01
4.076151016021519524e+00 4.197829073522398424e+00 1.072444993817662429e+01 1.343766739849599290e+01 1.386166981556578115e+01 1.387252750990356454e+01
4.035673540928818248e+00 4.445900854092123211e+00 1.111814940591330902e+01 1.318962341105883240e+01 1.384467944800648986e+01 1.388609613516856811e+01
3.999053845447219757e+00 4.645281543371466704e+00 1.150124687806649071e+01 1.290905228997951326e+01 1.382851967559804862e+01 1.389944744172299806e+01
3.973731807620509926e+00 4.773869075933961703e+00 1.187165624610343606e+01 1.259956454059676467e+01 1.381678706180032279e+01 1.390898299846488761e+01
3.964703301395811064e+00 4.818232606080353975e+00 1.215574509263267622e+01 1.233568704649667680e+01 1.381248856399723302e+01 1.391242163021257561e+01
3.964703301395811064e+00 4.818232606080353975e+00 1.215574509263267622e+01 1.233568704649667680e+01 1.381248856399723302e+01 1.391242163021257561e+01
4.056080424057938671e+00 4.767058550461294786e+00 1.212854989501483516e+01 1.228508534504210203e+01 1.381448337781302627e+01 1.393840660852211499e+01
4.314834160494052995e+00 4.630867508627358298e+00 1.204452040756073750e+01 1.214471986643959944e+01 1.381965535227141473e+01 1.400280262675302367e+01
4.456095793653950032e+00 4.698017917779703900e+00 1.187950550252340598e+01 1.196043256850091474e+01 1.382621934429463728e+01 1.407746592587509404e+01
4.300990172064292238e+00 5.143958362982356647e+00 1.163945463792081370e+01 1.175519983025442983e+01 1.383286426644538558e+01 1.414149378236674082e+01
4.208818627171499571e+00 5.584823251227610363e+00 1.140165422304564125e+01 1.149175506304791483e+01 1.383987075829525182e+01 1.419063880526296550e+01
4.185056899106555761e+00 5.961712852245819150e+00 1.116812418513738159e+01 1.122316160091362214e+01 1.384898387690707366e+01 1.423171061851654251e+01
4.197978043502051726e+00 6.241254446461351080e+00 1.080791814736394763e+01 1.113970459718815320e+01 1.386201839486384202e+01 1.427230845193795261e+01
4.282529665535707686e+00 6.073870441233845341e+00 1.088011531920964181e+01 1.109980948057418715e+01 1.383579482155522733e+01 1.432099409109329891e+01
4.324385638628255535e+00 6.199251185103706874e+00 1.059770096070615431e+01 1.107887376454326223e+01 1.383852051858714916e+01 1.437803373370667792e+01
4.329724700012939742e+00 6.300806018650070506e+00 1.030274905885782033e+01 1.114158216814213986e+01 1.384681987663609526e+01 1.442977002629976901e+01
4.296199181726529481e+00 6.362088147055132481e+00 9.995774497522861068e+00 1.128503530515094866e+01 1.386127742422570641e+01 1.447739662720398179e+01
4.233872349705867677e+00 6.365696506385203790e+00 9.679182945835883345e+00 1.149332017773717673e+01 1.388398632318857118e+01 1.452154174849370705e+01
4.158957302997980499e+00 6.304071925880774252e+00 9.357564590202709809e+00 1.174151588594030038e+01 1.391825405724376274e+01 1.456211068700437039e+01
4.086765313429497226e+00 6.180698983409681269e+00 9.035958306516031158e+00 1.200504519380736212e+01 1.396781816951285826e+01 1.459836459856016333e+01
4.024739315136019790e+00 6.005741383587825943e+00 8.717106203886428872e+00 1.226826724320443951e+01 1.403533928644796624e+01 1.462940456547521784e+01
3.968081951731515566e+00 5.791286205313538105e+00 8.399194268260803398e+00 1.252777288013017909e+01 1.412068667013006440e+01 1.465481331180729541e+01
3.900993282248421234e+00 5.547870323532042569e+00 8.075366163599152713e+00 1.278994759738809783e+01 1.422011809300984275e+01 1.467511721119083568e+01
3.803464265376483855e+00 5.282401865393153706e+00 7.735675933149177119e+00 1.306446628780126140e+01 1.432719883532051597e+01 1.469206980170692489e+01
3.659910839252539461e+00 4.997861062365444695e+00 7.370924135690396284e+00 1.335662539600424736e+01 1.443526614244548689e+01 1.470881638873051855e+01
3.465501643465288772e+00 4.694984263143998859e+00 6.976367745083678962e+00 1.366240412817040983e+01 1.454004029305596291e+01 1.472976499915066562e+01
3.228521486409656749e+00 4.374836179280209514e+00 6.552966364467674332e+00 1.396893939578792931e+01 1.464079421297029171e+01 1.475984263433200283e+01
2.969120015412689106e+00 4.040128339275709024e+00 6.105446861839428863e+00 1.425976905265485684e+01 1.473941597735745823e+01 1.480299312298663672e+01
2.713892783177576984e+00 3.694174505922415364e+00 5.638772908726660482e+00 1.452143387523778451e+01 1.483725259526058693e+01 1.486103584515907983e+01
2.484593427690258594e+00 3.338823104827663979e+00 5.155320167960748101e+00 1.474739893546094294e+01 1.492249788640525132e+01 1.494298209510114361e+01
2.284094033174189242e+00 2.973488095356110694e+00 4.653656353515731148e+00 1.493668493671295927e+01 1.499666358250002318e+01 1.503955055487643122e+01
2.091049492759469164e+00 2.595842319252096075e+00 4.128228374716663041e+00 1.506851408872017117e+01 1.509027660497519463e+01 1.513272002880673739e+01
1.871285620513634340e+00 2.203290449836083020e+00 3.569341898014613434e+00 1.514030117598569092e+01 1.519833993177190123e+01 1.522300558020816474e+01
1.597209700580773051e+00 1.794206090421571531e+00 2.964383118171930231e+00 1.520925803713923585e+01 1.526975612273727556e+01 1.529964051433601924e+01
1.259778251538560934e+00 1.368286485573329880e+00 2.302029516904325224e+00 1.527370677088791417e+01 1.532053348562159201e+01 1.534706309555643244e+01
8.681798273315463055e-01 9.258355807715464847e-01 1.578838322924612791e+00 1.532822655121802669e+01 1.535407672273005986e+01 1.536961783731971742e+01
4.418054968050610931e-01 4.679706420863328775e-01 8.041721260609004940e-01 1.536532906012454625e+01 1.537266652041754256e+01 1.537718201491775005e+01
-1.948364931053311941e-07 -7.250271799054729120e-08 2.008586047179543955e-07 1.537854451496463426e+01 1.537854451496668773e+01 1.537854451496669128e+01
-1.948364931053311941e-07 -7.250271799054729120e-08 2.008586047179543955e-07 1.537854451496463426e+01 1.537854451496668773e+01 1.537854451496669128e+01
4.454071037556489587e-01 5.620438030711520927e-01 8.439256058965332041e-01 1.536319945095325856e+01 1.537652252405830566e+01 1.538041165788816222e+01
8.779480328444523307e-01 1.087430592507520721e+00 1.656548836411871894e+00 1.532265020540665112e+01 1.536550063158506951e+01 1.537778233242257109e+01
1.283409525838440812e+00 1.533973703591705151e+00 2.425332611292053020e+00 1.526900652072708731e+01 1.533484080466709010e+01 1.535247542097423334e+01
1.646956460308637293e+00 1.865729188060177179e+00 3.158615601278921048e+00 1.521095979946749388e+01 1.527717994078750507e+01 1.529088583546128000e+01
1.955849586946706298e+00 2.080356004131943326e+00 3.869720788853666882e+00 1.514602831258755344e+01 1.519391952780494570e+01 1.519576694478075218e+01
2.202533768657937152e+00 2.222928617027148057e+00 4.563824591378036644e+00 1.506376075405315085e+01 1.508700079614985334e+01 1.509091407202439505e+01
2.363891464723729463e+00 2.386644380521272701e+00 5.238374582284258452e+00 1.493250624755373579e+01 1.499083476385734848e+01 1.499452777276312077e+01
2.515345552485891201e+00 2.550839324859377033e+00 5.888918785382839971e+00 1.473878531494617938e+01 1.491880385056718694e+01 1.492482774919164967e+01
2.602122171192957634e+00 2.775472569325029060e+00 6.514045437239524006e+00 1.450146058350159883e+01 1.485757582353836348e+01 1.488877092285970782e+01
2.664467780915528383e+00 2.988061552357749395e+00 7.118179578906306482e+00 1.424991091218524275e+01 1.480648174158853614e+01 1.486749668582491424e+01
2.720836953236250189e+00 3.136867592114905623e+00 7.710543084286881843e+00 1.401602620370240082e+01 1.476157340570155085e+01 1.484270041282933583e+01
2.787114946411026750e+00 3.197384009866290899e+00 8.298334273569599517e+00 1.381535628220184542e+01 1.472325134188007745e+01 1.480499552299037447e+01
2.873143208316426556e+00 3.182949349065681943e+00 8.877426769298240927e+00 1.363762593294469738e+01 1.469589821429879528e+01 1.475859396126202938e+01
2.980330123005617615e+00 3.139283948810093428e+00 9.428965366524037606e+00 1.345380724505792003e+01 1.468411618202997460e+01 1.471687153912292523e+01
3.101345983879579826e+00 3.122523266190960101e+00 9.924788698826601419e+00 1.323692615422856633e+01 1.468835043769107607e+01 1.469282915840699033e+01
3.165419779298123348e+00 3.222114827851990881e+00 1.033555433037275684e+01 1.298599365972826192e+01 1.469087626929556656e+01 1.470326322604455527e+01
3.254669774862033016e+00 3.325423080629490435e+00 1.063659846457033709e+01 1.273795491497405941e+01 1.470462518440352007e+01 1.472057862740147094e+01
3.341868940498621487e+00 3.395084585359002372e+00 1.081414785628921038e+01 1.255477347230829821e+01 1.472111549812770548e+01 1.473335347667562623e+01
3.377658865071057281e+00 3.419674921604515028e+00 1.087112551821344653e+01 1.248796446249516201e+01 1.472823211907894425e+01 1.473793549537755077e+01
3.377658865071057281e+00 3.419674921604515028e+00 1.087112551821344653e+01 1.248796446249516201e+01 1.472823211907894425e+01 1.473793549537755077e+01
3.425321173972109001e+00 3.473353796893535073e+00 1.083985492132495665e+01 1.247531231446411049e+01 1.471130475490430811e+01 1.473157139043869890e+01
3.506252216118383558e+00 3.679201713461844214e+00 1.074904350765850936e+01 1.243712949440152293e+01 1.465982622134125535e+01 1.471563260329412515e+01
3.624333122440467569e+00 3.990089059269466443e+00 1.060762610036283071e+01 1.237311207655112355e+01 1.458088979216608649e+01 1.468983690984592805e+01
3.776438386809216397e+00 4.356455145976602772e+00 1.043034367409101471e+01 1.228366349618015541e+01 1.448436222677318597e+01 1.465401267648709904e+01
3.954738455075582859e+00 4.736011871896550041e+00 1.023743822839462858e+01 1.217044972411262727e+01 1.438073318380396692e+01 1.460841478809869187e+01
4.152104684142533308e+00 5.093487526938965892e+00 1.005345326379642401e+01 1.203639290230363201e+01 1.427957084481355921e+01 1.455368909174043779e+01
4.363053702111852061e+00 5.401673804096038367e+00 9.904041009603300694e+00 1.188522878959432028e+01 1.418842773191723161e+01 1.449101041668979306e+01
4.583585416225583131e+00 5.643420074503893602e+00 9.810309087626871261e+00 1.172096084446282482e+01 1.411236836529252869e+01 1.442219983025974983e+01
4.810272759004249110e+00 5.814078090688189704e+00 9.782491457376528032e+00 1.154746430473016794e+01 1.405393111849450349e+01 1.434975714562235183e+01
5.038982335832947967e+00 5.921069261362964298e+00 9.817271852911714447e+00 1.136830000172940203e+01 1.401334188274270964e+01 1.427678101739249605e+01
5.263817086126777234e+00 5.978407824847502994e+00 9.901571540053630827e+00 1.118666450053918915e+01 1.398894180261182463e+01 1.420676295517715992e+01
5.476900844748958441e+00 5.999204937768963575e+00 1.001985303282236650e+01 1.100538922925389862e+01 1.397787327412908098e+01 1.414324558631096274e+01
5.669078339597693805e+00 5.991221365746865146e+00 1.015957554402186958e+01 1.082697082608026307e+01 1.397698970293720144e+01 1.408937666306798420e+01
5.828139217609582090e+00 5.959936306851290055e+00 1.031260584333647401e+01 1.065380295817339906e+01 1.398354576902796609e+01 1.404771312763537772e+01
5.863715607354495596e+00 5.987513538744888564e+00 1.046087973797855852e+01 1.050165478558372456e+01 1.399201887558188595e+01 1.402379663761306716e+01
5.863715607354495596e+00 5.987513538744888564e+00 1.046087973797855852e+01 1.050165478558372456e+01 1.399201887558188595e+01 1.402379663761306716e+01
5.847865975408221395e+00 5.918732525858577453e+00 1.051630688597090924e+01 1.053158553425527799e+01 1.399714530523217171e+01 1.402269590906301389e+01
5.758313820063646560e+00 5.765580998673027757e+00 1.062720829274722867e+01 1.067215284162099920e+01 1.399949619798721834e+01 1.402441393458329344e+01
5.559681901164836404e+00 5.595803242082554974e+00 1.079987550491246751e+01 1.087949138270924543e+01 1.399570337800463449e+01 1.403074305503113273e+01
5.338950716724031764e+00 5.372907292230660659e+00 1.102168337590879688e+01 1.111682323705314346e+01 1.398615324622999978e+01 1.403720747631272481e+01
5.105576200322818892e+00 5.142352604680465511e+00 1.127029030220159633e+01 1.135874729206672384e+01 1.397102812924561022e+01 1.403791753534981268e+01
4.826036210132444992e+00 4.985972434356433780e+00 1.152208595704011707e+01 1.158952744906802401e+01 1.394935485942768771e+01 1.402860792804157342e+01
4.553798298337444095e+00 4.884996184812136377e+00 1.174818931788767351e+01 1.180766970632552493e+01 1.392055524415205170e+01 1.400789574811063609e+01
4.313350556225442389e+00 4.833740833181431995e+00 1.192379756795853041e+01 1.201367956925192360e+01 1.388605409785964540e+01 1.397836870270836052e+01
4.125325599747801775e+00 4.817032510754901686e+00 1.205062093264397660e+01 1.218386804322257433e+01 1.385072642910731666e+01 1.394664132773467102e+01
4.005727502917489247e+00 4.816606287444555434e+00 1.212903846444277178e+01 1.229624061747820640e+01 1.382310559361612690e+01 1.392185380894499680e+01
3.964703301395811064e+00 4.818232606080353975e+00 1.215574509263267622e+01 1.233568704649667680e+01 1.381248856399723302e+01 1.391242163021257561e+01
