0.000000000000000000e+00
9.708737864077669061e-03
1.941747572815533812e-02
2.912621359223300718e-02
3.883495145631067624e-02
4.854368932038834183e-02
5.825242718446601436e-02
6.796116504854368690e-02
7.766990291262135249e-02
8.737864077669901808e-02
9.708737864077668367e-02
1.067961165048543631e-01
1.165048543689320287e-01
1.262135922330097082e-01
1.359223300970873738e-01
1.456310679611650394e-01
1.553398058252427050e-01
1.650485436893203706e-01
1.747572815533980362e-01
1.844660194174757017e-01
1.941747572815533673e-01
2.038834951456310607e-01
2.135922330097087263e-01
2.233009708737863919e-01
2.330097087378640575e-01
2.427184466019417231e-01
2.524271844660194164e-01
2.621359223300970820e-01
2.718446601941747476e-01
2.815533980582524132e-01
2.912621359223300788e-01
3.009708737864077444e-01
3.106796116504854099e-01
3.203883495145630755e-01
3.300970873786407411e-01
3.398058252427184067e-01
3.495145631067960723e-01
3.592233009708737379e-01
3.689320388349514035e-01
3.786407766990290691e-01
3.883495145631067347e-01
3.980582524271844558e-01
4.077669902912621214e-01
4.174757281553397870e-01
4.271844660194174526e-01
4.368932038834951181e-01
4.466019417475727837e-01
4.563106796116504493e-01
4.660194174757281149e-01
4.757281553398057805e-01
4.854368932038834461e-01
4.951456310679611117e-01
5.048543689320388328e-01
5.145631067961164984e-01
5.242718446601941640e-01
5.339805825242718296e-01
5.436893203883494952e-01
5.533980582524271608e-01
5.631067961165048263e-01
5.728155339805824919e-01
5.825242718446601575e-01
5.922330097087378231e-01
6.019417475728154887e-01
6.116504854368931543e-01
6.213592233009708199e-01
6.310679611650484855e-01
6.407766990291261511e-01
6.504854368932038167e-01
6.601941747572814823e-01
6.699029126213591478e-01
6.796116504854368134e-01
6.893203883495144790e-01
6.990291262135921446e-01
7.087378640776698102e-01
7.184466019417474758e-01
7.281553398058251414e-01
7.378640776699028070e-01
7.475728155339804726e-01
7.572815533980581382e-01
7.669902912621358038e-01
7.766990291262134694e-01
7.864077669902912460e-01
7.961165048543689116e-01
8.058252427184465772e-01
8.155339805825242427e-01
8.252427184466019083e-01
8.349514563106795739e-01
8.446601941747572395e-01
8.543689320388349051e-01
8.640776699029125707e-01
8.737864077669902363e-01
8.834951456310679019e-01
8.932038834951455675e-01
9.029126213592232331e-01
9.126213592233008987e-01
9.223300970873785642e-01
9.320388349514562298e-01
9.417475728155338954e-01
9.514563106796115610e-01
9.611650485436892266e-01
9.708737864077668922e-01
9.805825242718445578e-01
9.902912621359222234e-01
1.000000000000000000e+00
