-1.733875749183978888e-07 -6.874343290794704465e-08 1.311217069572620762e-07 3.144655955273576886e+00 5.836323200928286603e+00 5.836323203020922001e+00 5.921770719112293691e+00 6.305104791759131189e+00 6.305104792606837094e+00 6.774725335674051330e+00 8.449936647397963796e+00 8.449936648210687906e+00
6.428673086740309406e-02 1.848088820182375580e-01 2.576144765017594485e-01 3.140398159593493776e+00 5.809099162278678286e+00 5.837547375321401333e+00 5.856444866903423474e+00 6.306456718688743024e+00 6.344727105297713443e+00 6.768907126646276140e+00 8.450990395035473668e+00 8.464649326225741177e+00
1.206352557001570958e-01 3.679483826334368213e-01 4.913299099403528603e-01 3.126737028703712618e+00 5.704554023248967098e+00 5.740321949892424946e+00 5.841271226685295304e+00 6.310400924797225031e+00 6.426095560379158300e+00 6.752027413207643214e+00 8.454064328347401513e+00 8.504489243015898481e+00
1.604390667983697505e-01 5.482472488040773806e-01 6.812855993881978822e-01 3.102866504121614355e+00 5.514360700545045013e+00 5.662800823424296581e+00 5.847619749877876139e+00 6.316620325995471852e+00 6.517700546927782668e+00 6.725797327184638519e+00 8.458917158604629449e+00 8.558999802308223437e+00
1.726405471654574864e-01 7.252452643030397050e-01 8.181094726847298881e-01 3.072637106831892950e+00 5.311859567208178312e+00 5.612588470939614105e+00 5.856714661637478336e+00 6.324641169778804084e+00 6.613740375269721916e+00 6.693012266296325841e+00 8.465207133092336633e+00 8.616594115113041852e+00
1.348112759308717212e-01 8.989385291397102851e-01 9.092441814607216122e-01 3.046822470138578431e+00 5.114538420284165277e+00 5.608857617287417163e+00 5.868576854517343122e+00 6.333901839054424165e+00 6.657456611445451422e+00 6.713866596114646867e+00 8.472557452752672802e+00 8.668504034843921957e+00
-1.286505672323490224e-01 9.740916972482372982e-01 1.069146732772687125e+00 3.037761053860438931e+00 4.933097498855661733e+00 5.645003247141468172e+00 5.883043884425299908e+00 6.343826107801204373e+00 6.623701792115967102e+00 6.817395814300815537e+00 8.480610160567954026e+00 8.710273271826483921e+00
-2.810836220227642124e-01 1.022654992153388065e+00 1.234918580824694523e+00 3.051790898638651051e+00 4.771047096952281130e+00 5.697186316415726814e+00 5.899732425606286412e+00 6.353885615761731387e+00 6.596472375832184376e+00 6.922762065430021927e+00 8.489053122950025454e+00 8.741272146778429786e+00
-4.124141016458152675e-01 1.039338902432290324e+00 1.394415071653698490e+00 3.087416307349971856e+00 4.626195935471217879e+00 5.740774978384624028e+00 5.918056596080334408e+00 6.363641187838086744e+00 6.579106618579325882e+00 7.028018565846711141e+00 8.497618484511900050e+00 8.763159812932387993e+00
-5.354418850820872322e-01 9.907862481016082024e-01 1.545311105465742907e+00 3.137312586769683165e+00 4.493991935874916521e+00 5.763029576332831638e+00 5.937289706569299774e+00 6.372759981620558456e+00 6.571775964156068461e+00 7.131217578664577950e+00 8.506063560281120317e+00 8.778185567417219559e+00
-6.498282308601713853e-01 8.398289199347513945e-01 1.685359305311782574e+00 3.191523266690978744e+00 4.371107699821583203e+00 5.765816379428367000e+00 5.956641966260524335e+00 6.381012156845079275e+00 6.571923059992031746e+00 7.230396957942057945e+00 8.514150977142318055e+00 8.788035159606915059e+00
-7.535057214430378458e-01 5.283319070302637810e-01 1.812740191031781078e+00 3.242095348477535222e+00 4.257568730207639263e+00 5.758875813402786648e+00 5.975327293712111576e+00 6.388254501254284179e+00 6.577060942348503580e+00 7.323330911096699758e+00 8.521641992595398563e+00 8.793539145084134034e+00
-8.443334648277239785e-01 -4.404586252525104495e-01 1.926028090761065403e+00 3.286476075253433660e+00 4.156615685386349845e+00 5.751025258939722384e+00 5.992605681824689334e+00 6.394408783775979543e+00 6.586263121605206550e+00 7.407385450821191597e+00 8.528307471153013353e+00 8.795083990585744971e+00
-9.205381990565431050e-01 -7.640887401244206290e-01 2.023799798185587751e+00 3.326488117051760174e+00 4.072718719067036197e+00 5.745978913405824784e+00 6.007803715465830585e+00 6.399440632428049724e+00 6.599084211626233376e+00 7.479718650208515562e+00 8.533950186531249926e+00 8.793251636724496834e+00
-9.808235485257187358e-01 -8.973974726732544260e-01 2.104138932126706329e+00 3.364185854746195137e+00 4.009098148133229955e+00 5.743421197946885215e+00 6.020325644506401730e+00 6.403342019701069532e+00 6.614054681402346425e+00 7.537783463061811240e+00 8.538425606779899368e+00 8.789201859668068550e+00
-1.024343084647135083e+00 -9.296206127338463299e-01 2.164484766816384465e+00 3.398228078489480275e+00 3.966254279084810985e+00 5.741961850604344164e+00 6.029667450235673520e+00 6.406118189265754381e+00 6.628364232337096595e+00 7.579838521280994890e+00 8.541649335327633707e+00 8.784568941775281914e+00
-1.050609615951873410e+00 -9.160514985393968246e-01 2.202099655736691197e+00 3.423193603933811335e+00 3.942287986931396926e+00 5.740954350508801873e+00 6.035439150714611678e+00 6.407778597256464259e+00 6.638702150900929411e+00 7.605117871321167122e+00 8.543587047607303475e+00 8.781000889808398213e+00
-1.059387751582188564e+00 -9.046624820301412129e-01 2.214895701358299274e+00 3.432510600790041888e+00 3.934676701092020501e+00 5.740554119788770393e+00 6.037391683605026316e+00 6.408331079625675386e+00 6.642472109318292794e+00 7.613526376300220555e+00 8.544232658042647088e+00 8.779672322007559870e+00
-1.224994799759140607e+00 -6.783793315246561262e-01 2.217944567677066825e+00 3.430758063054721863e+00 3.930140371107359254e+00 5.733479392060441882e+00 6.048334243518308284e+00 6.413489471349016036e+00 6.639838085979151039e+00 7.607897369340388849e+00 8.547194536124786524e+00 8.781424249079901045e+00
-1.416324028711380523e+00 1.253186641338141505e-01 2.227042046984971879e+00 3.429907454557074686e+00 3.918526458124754530e+00 5.713378918024841546e+00 6.079184841846187126e+00 6.428345387600264083e+00 6.633111485389933115e+00 7.591996166555704306e+00 8.554862812221871948e+00 8.786536928492834519e+00
-1.571290711667623130e+00 7.008041302092733460e-01 2.242032463779029872e+00 3.438465469188521251e+00 3.903549967043812519e+00 5.683236160505019896e+00 6.124359309867670298e+00 6.451057016858268156e+00 6.624566734853665650e+00 7.568700438950425990e+00 8.564336683107137915e+00 8.794630348232248096e+00
-1.685456883787786131e+00 9.573036166986113038e-01 2.262287649440578807e+00 3.460461639247827126e+00 3.886905483090221214e+00 5.646709657499316748e+00 6.176390064803991109e+00 6.478828431326497217e+00 6.615538889134326084e+00 7.542276349421902282e+00 8.572736118272541006e+00 8.805032160014796716e+00
-1.771467983931683143e+00 1.116759849703116814e+00 2.286102291892267324e+00 3.492454819572903713e+00 3.867978325077536361e+00 5.607097069235940090e+00 6.228686063511554849e+00 6.508541438620187414e+00 6.606044068767529254e+00 7.517199078547774249e+00 8.578546286816170152e+00 8.816573945373122001e+00
-1.844283324349762720e+00 1.212592362419577352e+00 2.310995197583297855e+00 3.528047183310564439e+00 3.846929672833242275e+00 5.567765315761537437e+00 6.276889260728543363e+00 6.537241713273025390e+00 6.596163330536619185e+00 7.496790010997582243e+00 8.581671757760643615e+00 8.827722571540162377e+00
-1.906219961355909209e+00 1.266033644169973993e+00 2.334881546674666186e+00 3.562659905183991338e+00 3.826516031168730958e+00 5.532999914849780154e+00 6.317860865230096934e+00 6.562152367971783029e+00 6.587184301263079078e+00 7.482553594511862194e+00 8.582687700591169033e+00 8.837145722363128897e+00
-1.949599183899326516e+00 1.293522865155800172e+00 2.356178346317370664e+00 3.592948392612326458e+00 3.810277843334881620e+00 5.506953730567246907e+00 6.348635867192816917e+00 6.580822682539676727e+00 6.580882336173417002e+00 7.474397287905606646e+00 8.582358423150630244e+00 8.844102274231119054e+00
-1.971192284259545069e+00 1.306085556038386386e+00 2.372197748895452651e+00 3.614449314868908303e+00 3.800094114671117129e+00 5.491588999240642366e+00 6.367133134019706375e+00 6.577900155798206860e+00 6.591854153342433520e+00 7.471094302202176962e+00 8.581573154519501756e+00 8.848320313488885702e+00
-1.976826929281556788e+00 1.309418702253663191e+00 2.378527207992473080e+00 3.622340630866212496e+00 3.796511661855445752e+00 5.486648928008597714e+00 6.373098155882951588e+00 6.577257232365971262e+00 6.595335277467799351e+00 7.470566369970932818e+00 8.581178047198818604e+00 8.849721953815791409e+00
-1.970606776692180651e+00 1.310378715453043075e+00 2.373457314674328966e+00 3.616572820120322884e+00 3.800616347541092122e+00 5.491037143663679565e+00 6.368520769472338472e+00 6.577706577357687934e+00 6.592561144243547666e+00 7.470253366659197702e+00 8.581506233657387739e+00 8.848606890107607370e+00
-1.953008066878139104e+00 1.315122370460398482e+00 2.357099187284826591e+00 3.599454276197797231e+00 3.813692540065955594e+00 5.503502504064026191e+00 6.355755312673445623e+00 6.578237694518620060e+00 6.584904207230263040e+00 7.467870944801781263e+00 8.582479089244328563e+00 8.845423592762013953e+00
-1.925564240920694115e+00 1.325307682581555957e+00 2.328125726169616883e+00 3.571678312057062321e+00 3.836428149925476205e+00 5.522352351139267590e+00 6.336346448170376178e+00 6.573412107561300566e+00 6.577678612921653567e+00 7.461401317325599081e+00 8.583899759769130000e+00 8.840545813920357432e+00
-1.888711636953644302e+00 1.341424375162224347e+00 2.285920149737120877e+00 3.534511066005966207e+00 3.868998477216478271e+00 5.545280393896637072e+00 6.311669046280759865e+00 6.559021440465511610e+00 6.575201132182496799e+00 7.449155026429344240e+00 8.585315636096149561e+00 8.834525937735749679e+00
-1.841040114662269911e+00 1.363021865304280711e+00 2.230562519257838439e+00 3.489695553532205619e+00 3.911382242085104988e+00 5.569963637721073724e+00 6.282719168773509999e+00 6.542455743299545823e+00 6.570569839217298203e+00 7.429858246999071270e+00 8.586023814051566561e+00 8.828034271609926265e+00
-1.779750550231049999e+00 1.388763670339999923e+00 2.162592887017491528e+00 3.439180122897318004e+00 3.963682428221988019e+00 5.594736439929691052e+00 6.250098017499652769e+00 6.524256395734437497e+00 6.564264872640063864e+00 7.402665451529231611e+00 8.585166519427628984e+00 8.821702629184493105e+00
-1.702324372329772517e+00 1.416501799079927126e+00 2.082743238779865447e+00 3.384808353981542783e+00 4.026193830855445910e+00 5.618917572354987122e+00 6.214197269903403154e+00 6.504882774755986752e+00 6.557385019800815229e+00 7.367125999838116890e+00 8.581951478925239130e+00 8.815900514586257231e+00
-1.608619998852210520e+00 1.443481918673138464e+00 1.991784942229701816e+00 3.328168687788827462e+00 4.099183331887527260e+00 5.642487139095559989e+00 6.175545647179774278e+00 6.484800227725557420e+00 6.551304203509642932e+00 7.323131771725537753e+00 8.575922859024615263e+00 8.810548680004774980e+00
-1.502104609287547854e+00 1.466581074068941559e+00 1.890500951132186191e+00 3.270707727561179112e+00 4.182604813975692615e+00 5.665134814853446166e+00 6.135154704531202263e+00 6.464501713511245917e+00 6.547263814237570756e+00 7.270868597936448019e+00 8.567117143201848251e+00 8.805099874875939037e+00
-1.388970302019784553e+00 1.482393010027360125e+00 1.779699990307203494e+00 3.214053540937184650e+00 4.276044058917819690e+00 5.685177181908970923e+00 6.094596352444528797e+00 6.444460790493633517e+00 6.546191911836833910e+00 7.210785501084225224e+00 8.556005509555529187e+00 8.798699418058349764e+00
-1.274858784474141693e+00 1.487172335278079238e+00 1.660197155681196968e+00 3.160373315925774307e+00 4.379025786627386729e+00 5.699268101561830946e+00 6.055565941018876686e+00 6.425058689595680939e+00 6.548884842612221924e+00 7.143581667133458879e+00 8.543295238329003283e+00 8.790374406493349113e+00
-1.160827528772286232e+00 1.476908440981451687e+00 1.532755652258986911e+00 3.112559929405664949e+00 4.491533829091914676e+00 5.703635719813991756e+00 6.019042320098867194e+00 6.406541610587626501e+00 6.556331465931687141e+00 7.070197877344354787e+00 8.529735517310909287e+00 8.779094919677564945e+00
-1.041538298579398614e+00 1.398045522908841543e+00 1.447669022663330640e+00 3.074103602952976466e+00 4.614387546241145444e+00 5.696319956945206542e+00 5.984979294925226512e+00 6.389041648240478821e+00 6.569673874557800275e+00 6.991794025707331883e+00 8.516008458990212304e+00 8.763705951903947522e+00
-9.074456094725050770e-01 1.256678909613341055e+00 1.395938734291629402e+00 3.048584249282457304e+00 4.749118444814306450e+00 5.678843462603375691e+00 5.953422657123863537e+00 6.372652377647650468e+00 6.589560326698858717e+00 6.909697703672788016e+00 8.502700691891980966e+00 8.742874828601866710e+00
-7.498175776089792688e-01 1.109329122235248599e+00 1.318669949176978218e+00 3.038717910082667562e+00 4.897209328646224158e+00 5.657029345588490798e+00 5.925502972613564623e+00 6.357514402138794374e+00 6.615445577000425459e+00 6.825314961638504485e+00 8.490312517058569597e+00 8.715229969497855222e+00
-5.654577929918764845e-01 9.568721685195963333e-01 1.213213158742140640e+00 3.044924851866412929e+00 5.058881992455187770e+00 5.641150842959070211e+00 5.902315196800351771e+00 6.343858564011127577e+00 6.645550541975183911e+00 6.739998721526103687e+00 8.479263410059509454e+00 8.679790545867332341e+00
-3.564869746005039919e-01 8.004540994804942855e-01 1.077531884600178458e+00 3.063954651003967911e+00 5.231870657089889853e+00 5.643144880090321891e+00 5.883590411356971472e+00 6.331979794319370747e+00 6.654878217633718229e+00 6.677366908782843780e+00 8.469874769829996097e+00 8.636655479179884409e+00
-9.007598436240929485e-02 6.414140781310138095e-01 9.108492190242082343e-01 3.089112228295801010e+00 5.410637837781104409e+00 5.670198784077084220e+00 5.868210160987461066e+00 6.322157114211267803e+00 6.570694649695286493e+00 6.708170953622357047e+00 8.462338122610271185e+00 8.587782681875093971e+00
1.924864757125962778e-01 4.810687401106358840e-01 7.144709848849771783e-01 3.113023515680324760e+00 5.586189936758096053e+00 5.718936106660412300e+00 5.855406227052182722e+00 6.314568240333122695e+00 6.487866669134790598e+00 6.735344008807379268e+00 8.456695000685222396e+00 8.537561323846599493e+00
1.791222591001940534e-01 3.204435606251131441e-01 4.923704383648613847e-01 3.130893321438132038e+00 5.745844659557451273e+00 5.775108388879321097e+00 5.845295870016496309e+00 6.309250227226326224e+00 6.407668243277458764e+00 6.756584436057013754e+00 8.452853870299685823e+00 8.492751338545105000e+00
1.029769662464051078e-01 1.600768003198288214e-01 2.512465062395666804e-01 3.141307133158488973e+00 5.819510573758470251e+00 5.838654703963238823e+00 5.870005692240505724e+00 6.306129700209080369e+00 6.337616324922198174e+00 6.770092446106541928e+00 8.450650976676623571e+00 8.461306704187160577e+00
-1.733875749183978888e-07 -6.874343290794704465e-08 1.311217069572620762e-07 3.144655955273576886e+00 5.836323200928286603e+00 5.836323203020922001e+00 5.921770719112293691e+00 6.305104791759131189e+00 6.305104792606837094e+00 6.774725335674051330e+00 8.449936647397963796e+00 8.449936648210687906e+00
