0.000000000000000000e+00 0.000000000000000000e+00 0.000000000000000000e+00 0.000000000000000000e+00 0.000000000000000000e+00 0.000000000000000000e+00 0.000000000000000000e+00 0.000000000000000000e+00 0.000000000000000000e+00 0.000000000000000000e+00 0.000000000000000000e+00 0.000000000000000000e+00
3.290908928269169564e+01 2.185350025545552555e+01 3.069305306609015815e+01 1.026745898505129873e+00 6.484622880118585897e+00 1.193635450418919497e+00 1.412914974864085238e+01 3.172390099802130381e-01 8.183965127016536556e+00 1.362628699578493752e+00 2.666705762382051703e-01 3.387992114421091383e+00
3.014186617611330732e+01 2.152629293526527121e+01 2.644310457314885454e+01 2.227059467318140307e+00 2.085820303947097187e+01 9.876716048564919248e+00 2.110602738147901558e+00 6.083521551035677710e-01 1.046222534073649690e+01 2.589728266909931964e+00 5.037407184267482796e-01 5.812230686882197794e+00
2.618061734384782824e+01 2.111133772249971940e+01 2.014821019229530563e+01 3.346329778784807640e+00 2.360975725310220596e+01 8.554245146827117452e+00 2.576711892232050882e+00 8.513987027057995371e-01 1.109642995187664916e+01 3.549321738746419985e+00 6.925714928238132506e-01 6.832505985878693622e+00
2.223593898189324136e+01 2.070341261653411635e+01 1.342756962232437168e+01 3.574100595628896482e+00 2.389371028447438405e+01 3.450145858303947932e+00 2.590935317697163676e+00 1.031793208752785462e+00 1.158453355395863227e+01 4.118075207448348429e+00 8.297726744433249202e-01 6.596590316513228913e+00
2.314521155310456635e+01 2.031308988674287619e+01 8.861460939644226542e+00 2.264446698012663184e+00 2.250014865406679476e+01 2.411947117849683409e+00 2.339694634893008107e+00 1.143699148926408560e+00 4.187364030672960702e+00 1.204698846226959930e+01 9.227157595595366635e-01 5.576298997625318776e+00
0.000000000000000000e+00 7.879404919136745455e+00 1.986460608710707376e+01 4.132142611931600706e-01 2.028337608554094373e+01 6.054175866899228708e+00 2.120302705109539332e+00 1.189455718077127910e+00 3.688666213926738102e+00 1.236941023646954996e+01 9.806944408399183022e-01 4.281976563495452304e+00
0.000000000000000000e+00 6.811762182985391156e+00 1.924626123673504452e+01 3.066579262796941485e+00 1.804334489625924576e+01 6.341373065681518817e+00 2.115804623019841291e+00 1.177532519686317780e+00 2.676742535188945560e+00 1.247357827685505072e+01 1.009051814873539232e+00 3.081518424278365753e+00
0.000000000000000000e+00 3.835740122558047194e+00 1.837180373785310294e+01 5.249865813276984206e+00 1.626992307142754157e+01 4.132931802468238658e+00 2.233227017269287185e+00 1.119846669358766533e+00 1.434927881936690630e+00 1.234444426884598123e+01 1.009174666332168790e+00 2.138463640737951366e+00
0.000000000000000000e+00 1.103137037971097101e+01 1.721755252912377543e+01 6.342403144615963662e+00 1.502308700071174030e+01 1.335137700608077349e+00 2.307553890003716024e+00 1.029134002445296403e+00 3.648943199587819652e-01 1.198813100656898456e+01 9.809973467727807206e-01 1.445211162186454734e+00
0.000000000000000000e+00 2.587865760897180678e+01 1.581923788652175844e+01 6.306052322153122169e+00 1.399980508236974153e+01 6.403951083788124166e-01 2.275006314424346421e+00 9.168412195499092698e-01 3.779400797913272103e-01 1.138962427249068732e+01 9.244459199523816784e-01 9.037604164564398967e-01
0.000000000000000000e+00 5.367186359818184371e+01 1.423457907203129658e+01 5.633512695186791319e+00 1.275864004662966877e+01 1.152172705813460540e+00 2.143107814894244179e+00 7.919346718456685696e-01 8.957493338523780935e-01 1.050442276981753409e+01 8.400489311655532365e-01 4.209574295101699559e-01
0.000000000000000000e+00 0.000000000000000000e+00 1.249252778531588604e+01 4.950158944918364945e+00 1.100280518842252953e+01 8.684499491539147131e-01 1.930660544762608843e+00 6.607522959934595264e-01 1.334747989207154983e+00 9.288329015716087156e+00 7.300808579867520409e-01 5.380820113440192010e-02
0.000000000000000000e+00 0.000000000000000000e+00 1.056052010957501075e+01 4.571140943126946077e+00 8.748061352595167151e+00 4.347954205636854197e-01 1.647418881689640013e+00 5.274452017596171771e-01 1.685246770061779031e+00 7.742193268647663551e+00 5.995904813530485988e-01 3.764593203176931913e-01
0.000000000000000000e+00 0.000000000000000000e+00 8.360760422893005028e+00 4.331942996879162955e+00 6.273821970898209699e+00 2.250974043529064272e-01 1.300024335119239760e+00 3.943601615067629518e-01 1.799107358301190507e+00 5.935256451414641532e+00 4.557026705050757354e-01 5.486976085992478769e-01
0.000000000000000000e+00 0.000000000000000000e+00 5.834539960554984361e+00 3.690852467302053519e+00 3.914339526843663375e+00 1.888041789638778556e-01 8.990019911894344684e-01 2.622892464873032847e-01 1.535569351416614436e+00 3.982747248413899488e+00 3.052663738850420194e-01 5.148212701956443871e-01
0.000000000000000000e+00 0.000000000000000000e+00 3.006981568573491970e+00 2.201385395263034006e+00 1.844692847527368507e+00 1.223698671747085187e-01 4.595394085850579291e-01 1.309959257141016520e-01 8.872833530258431578e-01 1.988768910399504319e+00 1.527644084361374777e-01 3.058925765371594552e-01
0.000000000000000000e+00 0.000000000000000000e+00 3.540202000589028488e-15 3.015885782536318125e-15 2.185895768407669919e-15 1.593177193795683229e-15 1.124739841172550464e-15 1.228247261085501488e-15 1.216882148972427391e-15 2.281914611348166044e-15 8.622152253420820454e-16 6.052883030211029071e-16
0.000000000000000000e+00 0.000000000000000000e+00 7.360658722167269241e-01 5.834901333880124774e-01 1.077670520677862953e+00 1.680901423029386388e+00 2.592939382233447443e+00 1.228815850849318103e+00 6.268874471956898953e-01 1.336445543841092931e+00 6.866032144458181774e-01 4.186410352121485157e-01
0.000000000000000000e+00 2.318694074174869115e+02 1.456329171307506831e+00 5.935402852960489639e-01 1.686540494391067124e+00 3.096388405531107502e+00 4.714533157600143909e+00 2.308231778805939882e+00 9.752728475448704248e-01 2.433847359909371288e+00 1.096486876245435838e+00 8.041963144186824453e-01
0.000000000000000000e+00 3.943602909237274901e+01 2.141896458393948599e+00 1.843149302716130089e+00 1.905410592376346246e+00 4.081797618995465449e+00 5.998479969279164159e+00 3.098722213984879126e+00 1.068416673515131032e+00 3.084230483307308646e+00 1.122206479835304416e+00 1.130308478814991524e+00
0.000000000000000000e+00 2.407951778728742553e+01 2.697064870261450142e+00 3.377972398041761082e+00 2.122816379791375940e+00 4.642103410244348360e+00 6.385075551081839329e+00 3.519456603490003666e+00 1.109909384222431461e+00 3.180792763925044841e+00 8.684422893114897013e-01 1.348733763096054306e+00
0.000000000000000000e+00 1.487440233532852396e+01 2.980122621795823434e+00 4.187958878235335192e+00 2.435696888571580399e+00 4.824895933923668778e+00 6.113882656645209579e+00 3.570545657175403509e+00 1.180533195605005359e+00 2.785080449447575379e+00 5.295679019154999612e-01 1.396097759227245438e+00
0.000000000000000000e+00 8.602936162088202110e+00 2.966840256682128363e+00 4.290317623398750335e+00 2.569876418202632351e+00 4.550621273518630439e+00 5.424583844857316706e+00 3.279034767724550381e+00 1.171917873898836504e+00 2.096057804377840394e+00 2.349979895803708529e-01 1.258648223380449460e+00
0.000000000000000000e+00 4.588440720031258024e+00 2.752852283260568189e+00 3.977110698377543052e+00 2.264505666388549443e+00 3.725310256660742780e+00 4.371892522755524091e+00 2.663535617471088024e+00 9.491113466536827969e-01 1.332171602418255718e+00 2.468010624398639385e-02 9.940995245112247414e-01
0.000000000000000000e+00 2.273480158138305729e+00 2.322264974367545420e+00 3.220673434824053771e+00 1.608276255751045491e+00 2.502632354216468347e+00 2.988347702288261409e+00 1.799363881705034363e+00 5.537025586244810338e-01 6.553191427117720513e-01 8.600816614712424035e-02 6.748933078354728554e-01
0.000000000000000000e+00 9.408623051360235356e-01 1.445901868080809338e+00 1.854670483759500721e+00 8.437022424410820509e-01 1.206247912335682404e+00 1.458700247816457685e+00 1.913162742004084482e-01 8.586603387715870950e-01 1.815164472779902116e-01 8.579105891959801222e-02 3.384358541821337329e-01
0.000000000000000000e+00 1.471398234361714743e-05 2.354547769384591105e-06 1.455100712718459327e-05 5.831915653176577511e-06 8.925183986808468218e-06 8.036451899787942394e-06 1.130516029522053885e-05 4.693881358750739275e-06 4.234947929707539755e-06 8.436146818988229321e-07 2.561608016500208983e-06
0.000000000000000000e+00 3.252854122390264058e-01 1.381926304064211131e+00 1.523362669165928107e+00 1.114805771995295958e+00 1.143196642045595901e+00 1.181185110102541458e+00 9.239657490625070857e-02 7.131711061824422826e-01 1.312037034744782671e-01 8.774376914072327949e-02 2.906458448424431573e-01
0.000000000000000000e+00 9.656641114293864625e-01 2.977319463290660995e+00 2.992058933548142008e+00 2.360961178853747455e+00 2.118040747049997563e+00 2.162357542041620118e+00 2.152720579240202659e-02 1.289660554485452471e+00 5.442311523998173417e-01 1.654448232190600665e-01 5.436444631849258746e-01
0.000000000000000000e+00 1.740302667941407089e+00 4.704348830425618466e+00 4.331013480107063884e+00 3.659323439492625507e+00 2.818478386440151695e+00 2.943613857245544363e+00 1.730958588438663570e+00 1.883054159038209108e-01 1.205466844328415998e+00 2.005792820018285072e-01 7.350004004710681826e-01
0.000000000000000000e+00 2.515158547429361846e+00 6.463417856408404383e+00 5.466576115106023259e+00 4.959465897870273920e+00 3.196787590724755379e+00 3.565496224045760165e+00 2.061808544903764862e+00 4.728883354730403776e-01 2.063749091076272801e+00 1.584501394930780682e-01 8.430847454182691658e-01
0.000000000000000000e+00 3.171236370435733143e+00 8.174979380220683822e+00 6.350570990709197616e+00 6.259931429157122196e+00 3.298317618625552061e+00 4.083535305765950696e+00 2.310777865181941504e+00 7.420454393265454307e-01 3.061902427577915642e+00 9.548700493475668558e-03 8.605363883951090420e-01
0.000000000000000000e+00 3.593725334855359499e+00 9.797383602256843460e+00 6.977815087509755543e+00 7.588903493232292519e+00 3.243737857391346235e+00 4.542156656211862042e+00 2.495942399953946289e+00 9.015715423297721021e-01 4.144758771631479988e+00 2.545745809546230976e-01 8.065845790218066913e-01
0.000000000000000000e+00 3.686099339092290261e+00 1.131858273026340278e+01 7.377453350505186691e+00 8.961986513874593996e+00 3.157855722875634541e+00 4.948527103039014996e+00 2.621264929915984698e+00 8.879409875328420076e-01 5.263385187041216717e+00 6.067540784130242004e-01 7.307000358641919657e-01
0.000000000000000000e+00 3.385389817839945970e+00 1.273723075483748701e+01 7.581669602323372281e+00 1.035456782702473255e+01 3.075931012311279744e+00 5.258965038986466389e+00 2.682790720146795316e+00 6.935758511990021136e-01 6.375960951877119420e+00 9.878179828561034492e-01 6.981993863281406032e-01
0.000000000000000000e+00 2.653143570658824668e+00 1.405071198583340575e+01 7.590900177223787182e+00 1.171389739375395145e+01 2.881817650742431791e+00 5.395272466185706328e+00 2.678789072360407530e+00 3.557552368556925471e-01 7.446083387505074924e+00 1.331818020961285542e+00 7.632085525244772795e-01
0.000000000000000000e+00 1.448945030395187850e+00 1.525574369932782304e+01 7.355857972991214133e+00 1.300397884730748821e+01 2.345924153099924858e+00 5.299347677030698200e+00 2.616727727432123451e+00 8.872378740198470781e-02 8.440075886979665043e+00 1.592934141992765396e+00 9.523273235909919254e-01
0.000000000000000000e+00 2.733782697074824131e-01 1.635493092022804618e+01 6.787079166947990849e+00 1.424985360718463134e+01 1.294560089249733092e+00 5.007670000197952831e+00 2.512851739762544501e+00 6.457572892031370193e-01 9.325297154815510581e+00 1.754207286379652730e+00 1.273482132585013860e+00
0.000000000000000000e+00 2.530661586678090380e+00 1.735903409402197894e+01 5.789132330180750685e+00 1.554481841449413970e+01 1.856223966303844619e-01 4.662726421380587460e+00 2.385147476935498556e+00 1.351899574236312018e+00 1.007076441276869794e+01 1.819417455348750323e+00 1.737043146381892278e+00
0.000000000000000000e+00 1.828013184807179670e+01 5.285414705605566255e+00 4.307700822466596691e+00 1.700516439647552502e+01 1.718362877917985587e+00 4.354668167108386001e+00 2.244535861921199693e+00 2.195451291637284807e+00 1.065012353402257439e+01 1.800681889676416514e+00 2.365465061922269907e+00
0.000000000000000000e+00 1.911945248239718609e+01 8.472424019674299700e+00 2.383074606777942250e+00 1.868824313857513530e+01 2.779957985705690415e+00 3.968718453921928013e+00 2.090052336850140691e+00 3.055680243535437324e+00 1.104618857792560327e+01 1.710336062258482448e+00 3.178907792792852849e+00
0.000000000000000000e+00 1.985899544677111095e+01 1.203638812530918045e+01 2.152800257343851220e-01 2.051324778882382915e+01 2.761133029181157106e+00 3.392520292386828729e+00 1.911209896067520564e+00 3.754537028043225977e+00 1.125632431471412964e+01 1.559025586437011057e+00 4.160786592935102668e+00
0.000000000000000000e+00 2.046481455183348430e+01 1.592024398403007623e+01 1.786337017981120434e+00 2.222686683466108448e+01 1.162172683800480222e+00 2.752111091575555335e+00 1.696246023637350220e+00 4.156539602988940985e+00 1.129815277132603590e+01 1.358063119720000600e+00 5.218241317078994079e+00
0.000000000000000000e+00 2.090275137212580603e+01 2.000826042280127837e+01 3.095544303467560709e+00 2.343444568954738827e+01 1.863086415904572135e+00 2.231367155844580896e+00 1.441228992064895964e+00 1.121342579102658377e+01 4.203247257258589720e+00 1.122456892272063911e+00 6.156100749594300758e+00
0.000000000000000000e+00 2.115910674219318821e+01 2.407855904381658974e+01 3.391582527011064219e+00 2.367950907647125902e+01 5.223471620318673736e+00 1.857257601204736153e+00 1.154426990246048890e+00 1.105918031730939255e+01 3.891156933517514016e+00 8.713109426388396805e-01 6.681807709551913277e+00
5.067959348869291780e+00 2.125480530595897477e+01 2.780741614471984491e+01 2.829402064691848295e+00 2.250700627632282291e+01 7.346562829788834570e+00 1.528200709917795441e+00 8.533000448418972539e-01 1.084334991767831191e+01 3.249288672492510965e+00 6.243569308041867494e-01 6.458186107510486273e+00
6.939195538927467766e+00 2.124433016802901264e+01 3.082476933180763723e+01 1.873168030260728090e+00 1.934205872768541568e+01 7.076484198678324233e+00 1.129058533278726184e+00 5.559813978329758433e-01 1.025068030706011868e+01 2.332152776461864363e+00 3.960510437038526899e-01 5.220152279446975463e+00
1.248242543692588491e+01 2.119807264513952560e+01 3.279255059114014870e+01 8.960203593021472956e-01 4.311380218269588838e+00 6.087429211826620445e-01 1.270893585767662870e+01 2.723486598888123500e-01 7.697460754023123464e+00 1.217465005165046410e+00 1.904469194998036075e-01 2.947128856791758178e+00
0.000000000000000000e+00 0.000000000000000000e+00 0.000000000000000000e+00 0.000000000000000000e+00 0.000000000000000000e+00 0.000000000000000000e+00 0.000000000000000000e+00 0.000000000000000000e+00 0.000000000000000000e+00 0.000000000000000000e+00 0.000000000000000000e+00 0.000000000000000000e+00
