0.000000000000000000e+00 0.000000000000000000e+00 0.000000000000000000e+00 0.000000000000000000e+00 0.000000000000000000e+00 0.000000000000000000e+00 0.000000000000000000e+00 0.000000000000000000e+00 0.000000000000000000e+00 0.000000000000000000e+00 0.000000000000000000e+00 0.000000000000000000e+00
-8.658399879323018959e-15 2.621651574237991407e-13 -3.805024066930225122e-14 -6.931964901741191776e-15 1.975702830100149068e-15 6.795433586033141553e-16 -4.392964333837728929e-15 -1.801114048504915318e-16 -1.576281742681893308e-15 1.795974823561507596e-15 -2.302692749501996301e-16 1.951789608601126940e-15
2.637460569926736084e-15 -4.302803100012171985e-14 -1.624183645872871230e-14 -8.318534355881742085e-15 1.333155862377563530e-14 -4.522616991531716887e-15 7.489243920796055192e-16 -6.846613270801468521e-16 6.104304037002039318e-15 -7.453086292512270003e-15 -1.275929015561804242e-16 2.869818403641112593e-15
-1.651847381062881097e-14 -1.443882705196570975e-14 -8.617199387168558703e-15 1.640060081083711331e-15 8.049239062337583390e-15 -4.774088942102680966e-16 2.387983179656108634e-16 -9.742428660320114105e-16 1.025857613774107101e-14 -2.223628541663325990e-14 9.385085857301694546e-16 -4.397308634181958248e-16
-5.117251085692409602e-14 1.559284758418027628e-14 2.699783589531019042e-14 9.753150781146915589e-15 -1.873468618178308896e-14 6.554625553980063381e-15 1.404461019446176022e-15 -1.028634444823669966e-15 3.483860929669539465e-15 1.212301436863794305e-14 1.337631499193639725e-15 -6.652357357616201548e-15
6.606393215026458261e-14 -9.686593293816398470e-14 5.021602596772207929e-14 1.243391782001446327e-14 1.498004747074580388e-14 -2.552239244708005475e-14 -3.917576106122952137e-15 9.592917168450714460e-16 -9.427465979472069892e-15 1.545409938122343818e-14 2.403889489499223793e-15 3.261415932313588317e-16
0.000000000000000000e+00 -3.559012578167733514e-14 1.586588424317363691e-14 8.003780789166232320e-15 1.114680107287841639e-14 6.850349292838616477e-15 9.095175599796458911e-16 -1.738318829828253766e-15 -6.914560596249860942e-15 1.447295665469729101e-14 1.067960932099936817e-15 1.915007923276714726e-15
0.000000000000000000e+00 4.091503403446910866e-14 1.831479263980914839e-15 -4.446689531371398956e-15 -1.474007624064915460e-14 -3.926482304988108153e-15 -2.274727532937220376e-16 -2.004134098592709260e-16 -7.071679023327470463e-15 7.841012886273771591e-15 3.997522990159972883e-15 -2.914882012632376558e-15
0.000000000000000000e+00 5.188689798181609690e-14 -2.797933333175304417e-14 -2.472401022609216131e-15 -1.238758836578647785e-14 -5.417170504420610788e-16 -1.350354380875358855e-15 -1.410682218583594992e-15 2.973647696390621017e-14 -3.580201339008712488e-15 2.130329352564521097e-15 -2.639424696945255010e-15
0.000000000000000000e+00 -2.568105633325134141e-15 1.463606755614108222e-15 1.171482767580280749e-15 4.086185758768868385e-15 1.250949206922413961e-14 9.419660817821416208e-16 -8.651786972995618104e-16 -3.914794655769675618e-15 -2.497624847330920741e-15 2.660001107685036823e-15 -6.652686646096806414e-15
0.000000000000000000e+00 4.443584565461813653e-14 -8.219661272783552208e-15 -3.607005185336013224e-15 1.073660374502618731e-14 -5.228156517181801489e-15 6.104377230270085178e-16 4.208339599113235577e-16 -1.058261461672578091e-14 -1.032267204126701217e-14 -1.327152082434952403e-15 -4.278558197826821699e-15
0.000000000000000000e+00 -7.438036495882835051e-14 -1.575201635706968366e-14 3.259160606338420638e-15 -2.158932388856887973e-14 -5.522874228441125433e-15 -1.375798814547087944e-15 4.420190465357451104e-17 1.457196690763999852e-14 -1.930241683174931717e-16 2.920606932359970979e-15 7.061035864742933116e-15
0.000000000000000000e+00 0.000000000000000000e+00 -4.440308105844616126e-15 -1.511872622408202873e-14 3.193346673185959917e-14 -2.433381869899756536e-14 -6.624832947652264821e-16 -8.017619662226137589e-17 -2.081867118514390885e-14 9.083691095584110178e-15 1.459724495571895522e-15 2.153297930248750643e-14
0.000000000000000000e+00 0.000000000000000000e+00 -9.696840639044296484e-15 -4.993122702405029110e-15 7.792059803477776017e-15 1.033250468696811774e-14 1.881268884490914633e-15 5.301099636221283651e-16 -1.799351308455414392e-15 1.315359076291754041e-14 -7.940158567815197746e-16 -6.349915448196390904e-16
0.000000000000000000e+00 0.000000000000000000e+00 -5.995896964712514651e-15 -2.710192147677864838e-15 5.338478069932167701e-15 7.285198554553677089e-15 5.160204489929393492e-16 2.550527348914344894e-17 -8.121498416291228259e-15 1.935336058732270714e-14 2.053811665995622368e-15 1.064993026506333905e-14
0.000000000000000000e+00 0.000000000000000000e+00 -3.265395719341057535e-15 1.025379777502880989e-14 2.674961993488374498e-15 -7.877892024821167929e-16 -2.581462673221268005e-16 3.208083208176864618e-16 1.130289915741099802e-15 -7.981861060874354990e-15 -4.626893609414556417e-16 3.449642027504093214e-16
0.000000000000000000e+00 0.000000000000000000e+00 -5.051136755791374280e-15 -9.198279440083237596e-15 -8.846554509784950332e-15 2.560764226656960375e-15 -4.216920589768671559e-16 1.119349084592154724e-16 3.353649894840246588e-15 -6.133782029078245692e-16 3.312777434985269138e-16 -4.800522588599277753e-15
0.000000000000000000e+00 0.000000000000000000e+00 5.782168723015647131e-22 -2.032445468678332185e-21 -1.058692559626548495e-20 5.166415139533495720e-21 -7.880866719111322983e-31 1.294239286913236947e-30 -2.801989018184771111e-21 3.718380880210870597e-22 -7.893934261745964419e-31 -6.349419949565510391e-22
0.000000000000000000e+00 0.000000000000000000e+00 1.226875219124295569e-15 -4.515863539085786547e-14 -2.913381144715322633e-14 4.585799227459384145e-15 -7.279252596860233046e-15 2.352664906430281890e-15 -2.336508623457198328e-15 5.053876292311423857e-15 3.297400614682518378e-15 1.681749370055025374e-14
0.000000000000000000e+00 6.767929748686860752e-14 2.411990141497100016e-14 -5.295915829060887361e-15 1.718037162108683305e-15 -9.698696908683776278e-15 -3.013597433487328024e-15 -2.520150560099304608e-15 -2.972879178724459298e-15 -7.615311565145846970e-15 3.660774077525844837e-15 8.947076063742106212e-16
0.000000000000000000e+00 -2.743232416293418476e-14 -8.133325662460785292e-15 -3.001086693757431882e-15 -9.714050037139352258e-15 3.084226970246552342e-15 -6.688879682082118680e-15 1.652501280234612260e-15 2.827344620989433093e-16 3.735330443661355419e-16 1.357055114547183288e-15 7.123149810390282450e-15
0.000000000000000000e+00 0.000000000000000000e+00 4.342674999134430169e-15 1.678912764772868758e-14 -1.921126107808112218e-14 -1.101482412651382746e-14 5.235362229760977048e-15 -2.819011756244187976e-15 1.778850146394486458e-15 1.068298855644355938e-14 8.019958787458532821e-15 -6.212233342427017904e-15
0.000000000000000000e+00 -2.329047682184668269e-14 8.409372643912246730e-15 -1.349849624807647808e-14 -2.466834930932370671e-15 -3.630318810253857420e-15 1.316361884189586717e-14 2.551963983508558894e-15 6.307143260542226279e-15 7.409015757080604678e-15 6.072173074724183914e-15 1.133266147672495359e-14
0.000000000000000000e+00 -1.958460432177537365e-14 2.154628039262276634e-14 1.588653395901749414e-14 3.454092431962520707e-15 -4.265291418509811057e-15 -1.329054813098148548e-15 3.087091174342954619e-15 5.437947350630297916e-15 1.293507996701547606e-14 -5.128993986749110340e-15 -3.300046280277167788e-15
0.000000000000000000e+00 -2.590377662280510463e-14 -6.039046866383194981e-15 2.598886315034533358e-15 8.090231073753773638e-15 1.962098948093612650e-14 -1.109085693107879597e-14 -3.702092505010676951e-15 -2.642206625911508473e-15 -9.105788326890767361e-15 -1.141174161959775433e-14 -2.362926823439696574e-14
0.000000000000000000e+00 2.010777706039748656e-14 2.699757160942098745e-15 -3.667767190114235334e-14 -6.306851778621817986e-16 4.312391711188042210e-15 9.758806176373399348e-15 -1.107846005209491929e-14 -1.754923861786290621e-14 -1.630239591273546665e-14 2.591983279863574085e-14 -3.359795330683080119e-15
0.000000000000000000e+00 6.580400112005404029e-14 -1.954534329106192984e-14 -1.550738306790753796e-14 -9.671622651986556351e-15 1.050225321520724325e-14 -1.111344645507119451e-14 1.292747857895304061e-16 6.075534381084556284e-15 -1.350934653067163769e-14 1.979490643866706832e-14 1.695610004816359605e-14
0.000000000000000000e+00 4.059099093775201971e-14 1.105414530404155927e-14 5.119962203545038428e-14 -9.904150858268216476e-15 -7.420030050566636408e-15 3.548905483393039396e-15 3.438893269445809592e-16 -1.148810147826184398e-14 1.241282576454142348e-14 -2.003120199108137428e-14 5.111409791548638878e-15
0.000000000000000000e+00 -8.630053841736930884e-16 -9.250076687907879769e-15 -6.165843569538144196e-15 -8.182556207111304049e-16 3.089208442290901220e-15 -6.323189686027740769e-15 8.738141390044461163e-15 1.031605212476724154e-15 -2.951954198755949597e-15 -1.725063834000897182e-14 -9.805711297608393337e-15
0.000000000000000000e+00 -9.458817699081186644e-15 -5.449879679549634751e-15 2.493162211236636168e-15 1.060085036387023228e-14 3.698653711220278267e-15 6.787766112223106432e-15 7.866890424583985766e-15 7.284516697512029627e-16 -6.473656483297550015e-15 -2.773096940818351875e-15 1.646125032857904433e-14
0.000000000000000000e+00 1.365254455677532589e-14 -3.916279084232675761e-15 -2.773143745081502949e-14 -6.890248512309915450e-15 6.552940137602254434e-15 2.595607812729703266e-15 -9.382097140947615680e-15 -6.253752471191380982e-15 -4.508965434210238624e-15 7.146512673206881841e-15 -1.928774290312226885e-14
0.000000000000000000e+00 -2.191883612652513646e-14 -2.226187774287236165e-15 -3.912378461075333696e-14 -1.096081996479785804e-15 -7.137643766319564583e-15 -1.803951368876503665e-16 -6.840808946952221115e-15 2.168676902080048058e-14 -1.051291373035928354e-14 -8.561846267971590477e-16 -1.253574402665112661e-14
0.000000000000000000e+00 -1.908250341183851107e-14 -2.265593521925742114e-14 -1.806496964614356258e-14 2.782792434036043487e-15 1.624231625620122444e-15 -1.262819109712038278e-14 6.942360729400274938e-15 -6.195977049013851188e-15 -5.022775269982877779e-15 -8.042532559857198511e-15 9.071272860371885458e-15
0.000000000000000000e+00 1.221443119763195764e-14 1.411885016608898010e-14 2.168584366239701056e-15 -8.942571861385943553e-15 8.893718506836221233e-15 -6.728534603856263173e-16 1.303377093122360640e-16 -1.491800629507978961e-14 -1.794981923231505077e-15 1.041434966267216827e-15 -8.434324325707337027e-15
0.000000000000000000e+00 1.357194610491218863e-14 1.248827455578096249e-14 -8.138462982318184099e-15 1.446075943309523108e-14 6.641583148703217159e-15 -3.099358571116622552e-15 4.171514295508257393e-15 1.606001464530475509e-15 7.905320225081368239e-15 1.865608179076750141e-14 2.377105023647379130e-14
0.000000000000000000e+00 3.682110734421803982e-14 -1.376827822727111090e-14 5.699903905024210885e-14 -1.546626523320514623e-14 1.202516399805761463e-14 -5.609470544748832127e-15 7.081230101208496326e-15 -4.897996153060728461e-15 -1.702519460249890469e-14 6.020460442313651661e-15 2.036206373729218002e-14
0.000000000000000000e+00 1.387959405809816250e-14 2.766592353763245711e-14 -2.531575643696361447e-14 -1.303705357404723121e-14 -4.291790815148417199e-15 -2.657595605130545472e-15 2.697304324186526120e-15 1.014748377813205930e-14 -3.110670675752647451e-15 2.239883762228031265e-15 -2.391660087925039952e-14
0.000000000000000000e+00 2.898882240103455827e-14 2.573466745098361035e-14 -1.251265620191145728e-14 2.479359144137265009e-16 -7.857120736443441148e-15 -3.530559640571053243e-15 6.311739918764658318e-15 6.564553602303448490e-15 -9.723429017199000746e-15 2.897456849402252606e-15 -1.265983613618266830e-14
0.000000000000000000e+00 -4.030184301817975907e-14 2.520300897173106560e-14 -3.645352841113738520e-14 1.137894418474568495e-14 -1.726277065640117252e-14 -1.349544970054967806e-16 -2.060878852602969060e-16 -1.726803744332606804e-15 1.286227204772828834e-14 -1.681598071694213120e-14 -2.227218106292363325e-14
0.000000000000000000e+00 -3.713628887554318754e-14 -1.696935147930845224e-14 -7.902270187404164527e-15 6.239343119676670728e-15 -9.987886866048924332e-15 1.413841466303403642e-14 -6.030022713663442060e-15 3.794653402991334935e-15 1.363556551277409173e-14 -8.623850262844881560e-15 -1.297793652212839351e-14
0.000000000000000000e+00 -2.022222932322069875e-14 6.639876164254573016e-15 3.117680038804470057e-14 6.564809374775503191e-15 2.196186633062432297e-15 5.316765553642267656e-15 1.013777565133338666e-16 -1.011286931660648122e-14 -7.076194587980991248e-15 8.003354704230799201e-15 5.290617874550306251e-15
0.000000000000000000e+00 5.624268250285049069e-14 -1.903758430482723515e-14 1.047925928502625639e-14 -6.146493168309325569e-15 4.212977389049181763e-15 2.472574445449485303e-15 -1.883777834158809622e-15 -3.432289350658718109e-16 -1.114956190390044399e-14 -3.086547969888836880e-15 -2.004877181492615616e-15
0.000000000000000000e+00 -7.135886950527003886e-15 -4.888201295901088158e-14 1.423480064548902984e-14 1.119962305596953193e-14 1.519428042804501688e-14 -1.866744559615011034e-15 -4.206674263622611980e-15 6.581304181680016469e-15 3.582974806035566744e-15 -1.895851013025242648e-14 -1.003996378098430835e-14
0.000000000000000000e+00 3.545501449244286104e-15 -9.321229980023160373e-15 2.561451348822953811e-14 -1.377566962906953633e-14 -4.107221737558899306e-16 1.787845702793106038e-15 -1.048372613119862284e-15 2.084565082320366084e-15 -6.942062639350187819e-15 1.801447180823062986e-15 5.895486832855200454e-15
0.000000000000000000e+00 -5.086000552580727480e-14 -5.260591647736250917e-14 1.808523191824318021e-14 -4.106832002620726240e-15 -9.489065609676018167e-15 -9.462201298912633703e-15 -2.777061677936118498e-15 -8.241608142683232041e-15 1.693577576597058017e-15 9.699436157109759969e-15 -1.366662343580774719e-15
0.000000000000000000e+00 1.057847582676471481e-14 -4.554932691199450099e-14 -3.477765173323388350e-15 6.008965618956035972e-15 -1.199444032361169873e-14 5.465258125185137694e-16 -1.473003770016317179e-15 6.324939759560619294e-15 -7.248942739551509018e-15 4.383721320617564419e-15 1.655089096105585566e-14
5.873631874584221640e-14 -8.932783220613196280e-14 2.782263685956010611e-14 1.235113450174020662e-14 4.048784232348792737e-16 -2.501105262535151439e-15 -6.119138049880137938e-15 3.850737983470516072e-17 -2.277940989474439795e-14 2.132329297932010730e-14 5.510466828346476706e-16 4.251057355660982391e-15
-2.982332835089077039e-14 -5.470039781831193623e-14 1.918165611340980086e-14 3.611952789956883369e-15 2.725876830890711654e-14 1.053663262588321312e-15 2.749702611961056555e-15 -6.689035397318315043e-16 5.515188227446360726e-17 -2.477107432340095649e-14 6.771312271258166448e-16 -1.529217615305125544e-15
-1.401432569976017116e-14 5.629530062741825707e-13 1.722165081086511452e-14 -1.637990322679839736e-14 3.989928247311034337e-15 -1.432921950367759129e-15 -1.733861177364298097e-15 1.321282010673711153e-15 1.561321875874062177e-16 -4.844107074844339869e-15 -9.731528388929993091e-16 -1.658632410170501097e-15
0.000000000000000000e+00 0.000000000000000000e+00 0.000000000000000000e+00 0.000000000000000000e+00 0.000000000000000000e+00 0.000000000000000000e+00 0.000000000000000000e+00 0.000000000000000000e+00 0.000000000000000000e+00 0.000000000000000000e+00 0.000000000000000000e+00 0.000000000000000000e+00
