0.000000000000000000e+00 0.000000000000000000e+00 0.000000000000000000e+00 0.000000000000000000e+00 0.000000000000000000e+00 0.000000000000000000e+00 0.000000000000000000e+00 0.000000000000000000e+00 0.000000000000000000e+00 0.000000000000000000e+00 0.000000000000000000e+00 0.000000000000000000e+00
-9.740965638641878144e+00 1.988914843411972200e+01 2.119856292566556988e+01 -8.959290972660395314e-01 -6.345326352782046264e+00 -3.276335384297276998e-01 -1.251655535009737363e+01 2.804032356854277430e-01 7.062487327608076626e+00 -1.181773495408458663e+00 2.641394202613293607e-01 3.011972122094605631e+00
-9.709786978890461384e+00 1.935716517278380522e+01 1.814265733766185562e+01 -1.966490207520378730e+00 -1.850595715362289440e+01 -9.657893644121978483e+00 -5.004110779767820816e-01 5.361218451893269288e-01 9.013269548914237816e+00 -2.248106975497875748e+00 4.957774069668845485e-01 5.151223856541448320e+00
-1.009662041555898959e+01 1.866817999042178755e+01 1.388915905570989651e+01 -2.975018066642176606e+00 -2.090229971970997624e+01 -8.354289705031412439e+00 -4.173111584287220732e-01 7.467570517965423926e-01 9.580768295541314927e+00 -3.082533695736502821e+00 6.725043677542509313e-01 6.018162893023212945e+00
-1.181887156326775568e+01 1.801570353256256851e+01 9.987252108114304860e+00 -3.161613687562419450e+00 -2.100630535782259400e+01 -3.356498566920670612e+00 -6.544088571672658505e-02 8.995458293205105260e-01 1.004119209797778645e+01 -3.572399245884893659e+00 7.875813701952083523e-01 5.750866869093634648e+00
-1.890211300668163119e+01 1.750544413400873012e+01 8.081914139941893893e+00 -1.929509107368656773e+00 -1.955884057021911460e+01 2.371154054243835851e+00 4.787839044884948381e-01 9.908422754457887338e-01 -3.616607062736540090e+00 1.046493385462630066e+01 8.488851463264847075e-01 4.791605280854827065e+00
0.000000000000000000e+00 7.877447493621692942e+00 1.709486160431428203e+01 3.812901981126970430e-01 -1.741388050640441776e+01 5.922854987456866560e+00 1.082492688857827678e+00 1.025184373656594872e+00 -3.152099585256095793e+00 1.073648526926565694e+01 8.724016349116570090e-01 3.623102332387877489e+00
0.000000000000000000e+00 6.412129766822472376e+00 1.662928065856939952e+01 2.864092924515207805e+00 -1.537954963376796691e+01 6.185781325190367497e+00 1.608457175754316237e+00 1.012312542832907836e+00 -2.236994583773224132e+00 1.079662647312322754e+01 8.738152781734124241e-01 2.588905079206059057e+00
0.000000000000000000e+00 8.275559993782468649e-01 1.594709168257533882e+01 4.732546553068105233e+00 -1.392120955161811224e+01 4.001709151087895044e+00 1.962044483908691239e+00 9.634537346640541511e-01 -1.154210734379828907e+00 1.065768729507293422e+01 8.621200339901081700e-01 1.821451863868543741e+00
0.000000000000000000e+00 -9.468573106155480090e+00 1.496918871397431516e+01 5.522785858782508051e+00 -1.302456671086593154e+01 1.226929935667701699e+00 2.112687999609768941e+00 8.884536311997337510e-01 -2.940996239073958574e-01 1.034790408356089841e+01 8.377152992404413023e-01 1.275653859303395921e+00
0.000000000000000000e+00 -2.425754261318964922e+01 1.371935262720954718e+01 5.266623738319595738e+00 -1.230560857105083450e+01 -6.199334582965707607e-01 2.084994703330219856e+00 7.946939127419698767e-01 2.220657594704820159e-01 9.856261706006698375e+00 7.950890182572797338e-01 8.320367476851752153e-01
0.000000000000000000e+00 -5.076591073578606483e+01 1.228346142755023074e+01 4.541187566147344867e+00 -1.128891343055426333e+01 -1.152158650107518501e+00 1.930698173649680216e+00 6.876319705150613082e-01 6.016435646430684514e-01 9.123155698501660638e+00 7.280770213250677969e-01 4.040564505836651832e-01
0.000000000000000000e+00 0.000000000000000000e+00 1.073762581042962516e+01 4.021780570237513786e+00 -9.694556278610107825e+00 -8.658420137231471747e-01 1.699463948783103584e+00 5.719792333725670641e-01 1.024046019167638377e+00 8.083063755032162234e+00 6.347192013706084435e-01 -7.987051124806835226e-03
0.000000000000000000e+00 0.000000000000000000e+00 9.081996304209633664e+00 3.938800206092254896e+00 -7.581207382309689713e+00 -4.187212151974570307e-01 1.422195713164528863e+00 4.524334725712718663e-01 1.432324943023028485e+00 6.724679060613607540e+00 5.192617801896558527e-01 -3.337961160729462362e-01
0.000000000000000000e+00 0.000000000000000000e+00 7.231325796269524986e+00 3.964096390986751040e+00 -5.277644728965600329e+00 -1.500692842356879109e-01 1.110327211782222268e+00 3.334293075291339670e-01 1.623606474659551546e+00 5.121037809872901470e+00 3.905455405727456530e-01 -4.949809689029948112e-01
0.000000000000000000e+00 0.000000000000000000e+00 5.087727998286333708e+00 3.495469956440291348e+00 -3.161965542633413229e+00 -6.260536096014927832e-02 7.656521361397973235e-01 2.181430510581609805e-01 1.430875106936738250e+00 3.402142026993220103e+00 2.579816153179147475e-01 -4.629062751040108892e-01
0.000000000000000000e+00 0.000000000000000000e+00 2.639898912719135460e+00 2.116279624897016376e+00 -1.432040507833135523e+00 -3.608053296498772711e-02 3.917408297021557906e-01 1.075080512347523914e-01 8.397430819057181139e-01 1.682847860320420219e+00 1.275351361606052447e-01 -2.732448577005533452e-01
0.000000000000000000e+00 0.000000000000000000e+00 3.222397897088007970e-15 2.873362098614207486e-15 -2.099771764202843707e-15 -9.977929496820084432e-16 1.124633804026529077e-15 7.009747968928522707e-16 8.892408977389610214e-16 1.059710007860198440e-15 3.748107737509699825e-16 -1.994933277855663469e-16
0.000000000000000000e+00 0.000000000000000000e+00 -3.026281769996700399e-01 5.824242789844832346e-01 7.483786006353223552e-01 9.085965423057094092e-01 -1.311731668633618897e+00 -6.240177703426346145e-01 4.393165943605867318e-01 6.052542581182208670e-01 -3.510011658543753521e-01 -2.203972959950440125e-01
0.000000000000000000e+00 -1.069990480951986456e+02 -6.562728753441647855e-01 2.851774853707646495e-01 1.066533642981046359e+00 1.636436573749302514e+00 -2.394531495481390326e+00 -1.167961953358307881e+00 6.248583273588007581e-01 1.152205191893518332e+00 -5.580344472370086795e-01 -4.122161220686798022e-01
0.000000000000000000e+00 -1.943297675539913527e+01 -1.050982124936764350e+00 -8.037112221848384808e-01 1.012739184956353622e+00 2.070915676077079493e+00 -3.018349290468540058e+00 -1.554728323527204026e+00 5.735014430079724557e-01 1.525320579134810339e+00 -5.643900876672621747e-01 -5.671097442373028708e-01
0.000000000000000000e+00 -1.221028098097767511e+01 -1.375393819046067501e+00 -1.842777634607241533e+00 9.808721073241722932e-01 2.268428097592093184e+00 -3.146696088204711028e+00 -1.748981774268434375e+00 4.949392358729490238e-01 1.613539559504601151e+00 -4.285633370563791678e-01 -6.732175897473391402e-01
0.000000000000000000e+00 -7.453878499657123236e+00 -1.507550237852608888e+00 -2.242473035588033792e+00 1.146804940931262839e+00 2.346096119622098186e+00 -2.975810924810017521e+00 -1.769910261883002045e+00 5.212505726951222051e-01 1.417993160514035900e+00 -2.579594665848107260e-01 -6.993261823036487357e-01
0.000000000000000000e+00 -4.221660773874113204e+00 -1.471814288507557578e+00 -2.170369391049270291e+00 1.279647832617418990e+00 2.257401693363841666e+00 -2.671528867184551181e+00 -1.634948814736804978e+00 5.660084201082359323e-01 1.056469676799700386e+00 -1.160009149682098423e-01 -6.309508122924774032e-01
0.000000000000000000e+00 -2.366044360299667026e+00 -1.395623278545937485e+00 -2.001677360728705057e+00 1.119196002159030146e+00 1.859582649474589289e+00 -2.200412839815111266e+00 -1.330666441411944900e+00 4.751932780126528200e-01 6.639344704700488320e-01 -1.165993186132358375e-02 -4.962269013195785838e-01
0.000000000000000000e+00 -1.415365379895494824e+00 -1.257998214437800133e+00 -1.705390799637709787e+00 7.280083624508054685e-01 1.207561197270407005e+00 -1.514373401977641587e+00 -8.844618549246570094e-01 2.531052051056207342e-01 3.248382412066253000e-01 4.879389820933026367e-02 -3.358983961132046003e-01
0.000000000000000000e+00 -7.298442566534468767e-01 -8.285124150327215498e-01 -1.033556009658234576e+00 3.385953516772759464e-01 5.462280158994753387e-01 -7.304317155191855093e-01 5.893744868920856167e-02 -4.083943157871445240e-01 8.973634850025748178e-02 4.978878129864233032e-02 -1.687933813458503685e-01
0.000000000000000000e+00 1.393236397693342140e-05 1.570337728589427446e-06 1.279996620760472072e-05 -4.738599133473388892e-06 4.255417502775886536e-06 -7.588128051854079875e-06 1.070014705081495798e-05 3.026538225771518492e-06 3.080596655812322840e-06 -5.297435898718443688e-07 -1.775139678526935698e-06
0.000000000000000000e+00 -1.626335492647165148e-01 6.909643755988938985e-01 7.616864988130993552e-01 -5.574074858672135591e-01 -5.715985546339806822e-01 5.905870884462793846e-01 -4.619074665873434959e-02 3.565892416302661183e-01 6.560608046831503670e-02 -4.387180078407705575e-02 1.453212393870730590e-01
0.000000000000000000e+00 -4.828196378909697106e-01 1.488660248777661677e+00 1.496033226784428072e+00 -1.180484662678944252e+00 -1.059021061119845619e+00 1.081173351009906636e+00 -1.075654794732513846e-02 6.448337348254911117e-01 2.721199262264095697e-01 -8.272182106653282185e-02 2.718210303518219795e-01
0.000000000000000000e+00 -8.701335000437165901e-01 2.352174409487961082e+00 2.165509485920495525e+00 -1.829665261132841669e+00 -1.409240672792478666e+00 1.471802203937790487e+00 8.654825719353724800e-01 9.415798833446904770e-02 6.027373078070400458e-01 -1.002889937399143172e-01 3.674993958542240313e-01
0.000000000000000000e+00 -1.257555046146929811e+00 3.231708669657511024e+00 2.733290259327044058e+00 -2.479735972320297854e+00 -1.598396220088244224e+00 1.782744242719174643e+00 1.030907491432890399e+00 2.364470201740773714e-01 1.031877416814101167e+00 -7.922485690603493780e-02 4.215418134930227212e-01
0.000000000000000000e+00 -1.585588183197017331e+00 4.087489437233002398e+00 3.175287477918091739e+00 -3.129968206727752111e+00 -1.649162125356950170e+00 2.041764414275349271e+00 1.155392192185338951e+00 3.710231456073680434e-01 1.530952648421707529e+00 -4.774941241177155064e-03 4.302677349146002972e-01
0.000000000000000000e+00 -1.796828936007103028e+00 4.898691735734901798e+00 3.488909388628048891e+00 -3.794453670719926563e+00 -1.621872896815742315e+00 2.271075327225390517e+00 1.247974508530533821e+00 4.507842455694488493e-01 2.072379184326792245e+00 1.272857473463817890e-01 4.032918689207206642e-01
0.000000000000000000e+00 -1.843015000612730381e+00 5.659291572420523053e+00 3.688728267363430291e+00 -4.480994587604495649e+00 -1.578932104748191234e+00 2.474260454351687066e+00 1.310635720377816060e+00 4.439676895435419324e-01 2.631690846777223758e+00 3.033746210594621684e-01 3.653497134798127099e-01
0.000000000000000000e+00 -1.692662002505646690e+00 6.368615861265336520e+00 3.790835982056629305e+00 -5.177284667353918124e+00 -1.537969603079196945e+00 2.629479233452886255e+00 1.341398386570986645e+00 3.467844601748340527e-01 3.187977562650004870e+00 4.939059394141467885e-01 3.490997175724140367e-01
0.000000000000000000e+00 -1.326542740566105216e+00 7.025356707803169343e+00 3.795450839120579012e+00 -5.856948932521530260e+00 -1.440912445817672305e+00 2.697632982188248985e+00 1.339397158526938858e+00 1.778739281641907866e-01 3.723038184939569284e+00 6.659056566617858053e-01 3.816049003316815957e-01
0.000000000000000000e+00 -7.244489059200609482e-01 7.627872733855102894e+00 3.677929557455036580e+00 -6.501989210946701014e+00 -1.172965083068942427e+00 2.649671070642189097e+00 1.308365983024547097e+00 -4.436552262854771833e-02 4.220034435294682140e+00 7.964637762842574631e-01 4.761650964017462018e-01
0.000000000000000000e+00 1.367059282496483896e-01 8.177466463279946751e+00 3.393540504182043449e+00 -7.124926184837502952e+00 -6.472824587325261003e-01 2.503833132115837579e+00 1.256427505763055397e+00 -3.228819663186662803e-01 4.662645513857945900e+00 8.771007340661448604e-01 6.367433671088272851e-01
0.000000000000000000e+00 1.265339639095851343e+00 8.679518150405446164e+00 2.894568072363786992e+00 -7.772408179051169874e+00 9.280933014076946097e-02 2.331362364010479027e+00 1.192575020898325011e+00 -6.759525265374231040e-01 5.035379762924264924e+00 9.097064242621669683e-01 8.685246128636228136e-01
0.000000000000000000e+00 9.140067149684290015e+00 2.642707928045380239e+00 2.153853715886359321e+00 -8.502580730376788409e+00 8.591800480107804061e-01 2.177334101342813799e+00 1.122269049662678375e+00 -1.097727544628469110e+00 5.325059839062958211e+00 9.003392999725664536e-01 1.182736041377175695e+00
0.000000000000000000e+00 9.559727644925956724e+00 4.236205277221208654e+00 1.191541871614709480e+00 -9.344119656599888302e+00 1.389977781406182888e+00 1.984360013628572172e+00 1.045027304729178486e+00 -1.527841060954959973e+00 5.523092584116818138e+00 8.551669134831042518e-01 1.589457553312931593e+00
0.000000000000000000e+00 9.929499371539767694e+00 6.018182175989417182e+00 1.076451285924880513e-01 -1.025662161763267299e+01 1.380564937585071039e+00 1.696261821769530664e+00 9.556062175638114775e-01 -1.877268584962128006e+00 5.628160348041474137e+00 7.795119353140670393e-01 2.080396808793472552e+00
0.000000000000000000e+00 1.023240921495413325e+01 7.960107850590626200e+00 -8.931637973648000051e-01 -1.111343097581836936e+01 5.810839822594493498e-01 1.376058153425894881e+00 8.481244372530881703e-01 -2.078269257362864053e+00 5.649074258305509133e+00 6.790306627284178331e-01 2.609123829105430392e+00
0.000000000000000000e+00 1.045137791959095175e+01 1.000411710112718389e+01 -1.547768528385319087e+00 -1.171722052835279371e+01 -9.315463262885567142e-01 1.115686834639772806e+00 7.206160132905141680e-01 5.606710439079654051e+00 -2.101622774150167405e+00 5.612273030733326840e-01 3.078053112880308806e+00
0.000000000000000000e+00 1.057955585576947577e+01 1.203927079270023626e+01 -1.695788886224484093e+00 -1.183975263388667365e+01 -2.611739268684515558e+00 9.286321961330645802e-01 5.772149816364242625e-01 5.529587565234225011e+00 -1.945577566079818688e+00 4.356540595226279788e-01 3.340906139869217917e+00
-2.534005097826831587e+00 1.062740531484704576e+01 1.390370642839951465e+01 -1.414699668848885539e+00 -1.125350181057536147e+01 -3.673284634426773554e+00 7.641033721891933306e-01 4.266513308238477076e-01 5.421672546591314479e+00 -1.624643569203759741e+00 3.121769645389247394e-01 3.229094871897073560e+00
3.469568604837794723e+00 1.062216784597201702e+01 1.541239105277300148e+01 -9.365833277836709270e-01 -9.671028585150729384e+00 -3.538244567056417100e+00 5.645315182583817704e-01 2.779916867778385314e-01 5.125338253894733853e+00 -1.166075850039913320e+00 1.980242495005196113e-01 2.610077431194776310e+00
6.241177836059450534e+00 1.059903912726686492e+01 1.639628808399721294e+01 -4.480099039524932936e-01 -2.155691524707363804e+00 3.043727456288731203e-01 -6.354467552697462551e+00 1.361748934135231515e-01 3.848729258283979160e+00 -6.087322294058750138e-01 9.522275590784085031e-02 1.473565080109052294e+00
0.000000000000000000e+00 0.000000000000000000e+00 0.000000000000000000e+00 0.000000000000000000e+00 0.000000000000000000e+00 0.000000000000000000e+00 0.000000000000000000e+00 0.000000000000000000e+00 0.000000000000000000e+00 0.000000000000000000e+00 0.000000000000000000e+00 0.000000000000000000e+00
