0.000000000000000000e+00 0.000000000000000000e+00 0.000000000000000000e+00 0.000000000000000000e+00 0.000000000000000000e+00 0.000000000000000000e+00 0.000000000000000000e+00 0.000000000000000000e+00 0.000000000000000000e+00 0.000000000000000000e+00 0.000000000000000000e+00 0.000000000000000000e+00
3.143440385696811035e+01 9.055233182019541971e+00 2.219649603888919387e+01 -5.015158948320239674e-01 -1.336849794871197261e+00 1.147789986449085919e+00 -6.555052615156242268e+00 1.483732282804690328e-01 4.135040259489394465e+00 -6.783571172067487387e-01 3.665464356974725002e-02 1.551294460476287940e+00
2.853510352886936374e+01 9.417082563534057371e+00 1.923750930330301756e+01 -1.045327764243262125e+00 -9.622587171029923780e+00 -2.067513062306532312e+00 2.050422559209573059e+00 2.875164547116335068e-01 5.312168212600597350e+00 -1.285576727834676358e+00 8.921588503337646303e-02 2.692010092353546380e+00
2.415539237290719754e+01 9.858378988386240493e+00 1.459594583019902103e+01 -1.532054337004606248e+00 -1.097790981825886902e+01 -1.838736945955415036e+00 2.542694549610895471e+00 4.089421188398848495e-01 5.598181539040652410e+00 -1.759451852079779499e+00 1.655087551269129598e-01 3.234942571376910436e+00
1.883484158089629901e+01 1.020126071607214158e+01 8.975211490061649755e+00 -1.666851510570990014e+00 -1.138615503022467834e+01 -7.983882600786241790e-01 2.590108745008037783e+00 5.053855227254183680e-01 5.777186072328110100e+00 -2.048537781492399734e+00 2.612245711533782155e-01 3.231490996100294222e+00
1.335705587772253544e+01 1.030441878118290511e+01 3.634302384151271159e+00 -1.185206080275436058e+00 -1.112242981564076771e+01 4.417208964339515154e-01 2.290182734488642957e+00 5.712086557856094204e-01 -2.110490672601488704e+00 5.967838002857749125e+00 3.616605885160772416e-01 2.852302463519826858e+00
0.000000000000000000e+00 -1.756213681465238208e-01 1.011772117254042058e+01 -1.592601974022050948e-01 -1.040058224986286461e+01 1.254126877513736416e+00 1.823154721866517836e+00 6.031599334146054980e-01 -1.915861853681774418e+00 6.142490835232824686e+00 4.479698357007846909e-01 2.282203492103596076e+00
0.000000000000000000e+00 -2.298846643640912735e+00 9.689458001930738362e+00 1.095846747843036262e+00 -9.435663628374641121e+00 1.396109506835736536e+00 1.374588926390934107e+00 6.015032423370474390e-01 -1.469967969671108765e+00 6.246840147521377062e+00 5.046111619160890127e-01 1.671324711128298501e+00
0.000000000000000000e+00 -3.745404298029078483e+00 9.122140069617969971e+00 2.272464340855012033e+00 -8.420826644107261671e+00 1.033174309568700489e+00 1.066622873289783557e+00 5.708007218248842829e-01 -8.525348127799199371e-01 6.228884798026476766e+00 5.245784537698235939e-01 1.120419497495479311e+00
0.000000000000000000e+00 -5.660146269112994233e+00 8.506909211844241980e+00 3.118479438262566905e+00 -7.486908909901139886e+00 5.265316823776832189e-01 9.280917904906571536e-01 5.193909319549993020e-01 -2.159936942498791312e-01 6.052781683497630461e+00 5.104790610727666378e-01 6.792220068230087060e-01
0.000000000000000000e+00 -9.015350576194068211e+00 7.875763505885883475e+00 3.468280595439375169e+00 -6.675817555957165972e+00 1.605876773602658569e-01 9.101927365979016749e-01 4.572301465527215947e-01 3.058193950413753970e-01 5.707683089592042514e+00 4.716287861902414003e-01 3.528423739504563672e-01
0.000000000000000000e+00 -1.742100023730091252e+01 7.193039462966751785e+00 3.333778753291750441e+00 -5.945025601030989648e+00 -5.691133800202044513e-03 9.302234508582181149e-01 3.928394043332218977e-01 6.636202906938282187e-01 5.206815516989032666e+00 4.190299008075739629e-01 1.180827769047620851e-01
0.000000000000000000e+00 0.000000000000000000e+00 6.384876069438231383e+00 2.886062131142591802e+00 -5.203585357735478034e+00 -6.725266877442499791e-02 9.161181287855810762e-01 3.308071239425758869e-01 8.560852441897688347e-01 4.575711555187753632e+00 3.607625182999601998e-01 -5.321211820299934225e-02
0.000000000000000000e+00 0.000000000000000000e+00 5.389056328807552809e+00 2.319737583956235749e+00 -4.365074117948314125e+00 -1.171307034330320990e-01 8.314735865942954884e-01 2.711132489502190990e-01 8.879763136467869744e-01 3.836697556602304271e+00 2.997931769794804358e-01 -1.740740438683369418e-01
0.000000000000000000e+00 0.000000000000000000e+00 4.196455894826126354e+00 1.746902954138048081e+00 -3.392242361233452907e+00 -1.677738101594053177e-01 6.761928383812841892e-01 2.105821309235005601e-01 7.750414841394434040e-01 3.000373459073267135e+00 2.348171728051410834e-01 -2.367760674274024812e-01
0.000000000000000000e+00 0.000000000000000000e+00 2.856025274181987594e+00 1.184939542345078811e+00 -2.307385498483003339e+00 -1.781223926778254252e-01 4.711490067771907375e-01 1.456339867541705246e-01 5.572877724827809409e-01 2.070677491285147109e+00 1.631963393672839491e-01 -2.252969611761029556e-01
0.000000000000000000e+00 0.000000000000000000e+00 1.439747159873921989e+00 6.061833119800712488e-01 -1.162820573280179959e+00 -1.169298060090678409e-01 2.402406926125783548e-01 7.484618542985536915e-02 2.865367427543445422e-01 1.059823031447521879e+00 8.409371872701856820e-02 -1.375046039983618129e-01
0.000000000000000000e+00 0.000000000000000000e+00 1.466008866895765816e-15 9.161644522398402489e-16 -6.075350594714291832e-16 1.242023671420506116e-15 1.544400083115443968e-17 -1.008576059841329338e-15 8.306941616914785459e-16 2.020927755444279258e-15 -7.764869468908647610e-16 -5.714685835133930574e-16
0.000000000000000000e+00 0.000000000000000000e+00 6.709762698695292960e-01 -3.525187953237936961e-02 -7.754374386429979671e-01 -1.414171813201042793e+00 2.236670442743148968e+00 1.058579339301093825e+00 -4.472010748767768495e-01 -1.191534294379509973e+00 5.901035126621425597e-01 3.559288528365919246e-01
0.000000000000000000e+00 2.057051914825143513e+02 1.300077139360858114e+00 5.205419023545775348e-01 -1.306493332401831742e+00 -2.628630156184608158e+00 4.061162618174607886e+00 1.990929134900857989e+00 -7.488051801961854714e-01 -2.143836786490855406e+00 9.438649402723676696e-01 6.905139975635914418e-01
0.000000000000000000e+00 3.431559128149457649e+01 1.866321786708804442e+00 1.658688525141808867e+00 -1.613985399188579750e+00 -3.517439418812392304e+00 5.183756312035841418e+00 2.680466228003188345e+00 -9.014489908546747809e-01 -2.680648206130353373e+00 9.699542320786509464e-01 9.777442381687354578e-01
0.000000000000000000e+00 2.075408912079415558e+01 2.320010938967376202e+00 2.831054240265160615e+00 -1.882615014118393937e+00 -4.050105929164931062e+00 5.555852186793689640e+00 3.054118127565833340e+00 -9.934455163613747919e-01 -2.741155358047337121e+00 7.553313683382159027e-01 1.168700492243426314e+00
0.000000000000000000e+00 1.287196722127491633e+01 2.570685340777776773e+00 3.536992260445412928e+00 -2.148827066204472391e+00 -4.216094611211575582e+00 5.340796801883445077e+00 3.101002088818286762e+00 -1.059224464592077419e+00 -2.397074989780362042e+00 4.624922446252093811e-01 1.208317774455023086e+00
0.000000000000000000e+00 7.495871591702830017e+00 2.576024807492092172e+00 3.700854227883384695e+00 -2.228624290747889258e+00 -3.951239244819070962e+00 4.721127344362426648e+00 2.842360177939649013e+00 -1.026170537254967208e+00 -1.810339786144023799e+00 2.043718249499040795e-01 1.089080540036513778e+00
0.000000000000000000e+00 3.931363926976884304e+00 2.372852999625895798e+00 3.436669499776676684e+00 -1.968600066508454649e+00 -3.227985266099397066e+00 3.777780772477732807e+00 2.307325032854530722e+00 -8.215860861031891726e-01 -1.154933849712302507e+00 2.175209491528913228e-02 8.613899970630100045e-01
0.000000000000000000e+00 1.779171962133468732e+00 1.952013090029265818e+00 2.732101680811389599e+00 -1.434069851511529103e+00 -2.192022959555379291e+00 2.576217224760791957e+00 1.566983601052622355e+00 -4.924675406316019188e-01 -5.691425971180492649e-01 -7.082767920473495571e-02 5.853659064633701670e-01
0.000000000000000000e+00 5.937585689957234347e-01 1.184989194151668812e+00 1.539988499381747866e+00 -7.727785334251024985e-01 -1.075485462784464996e+00 1.262646396242231628e+00 -1.820117960900687892e-01 7.553222227712400594e-01 -1.577834224190353130e-01 -6.986546390987395660e-02 2.933387492470519442e-01
0.000000000000000000e+00 4.731861200682573275e-06 -1.754404348057354913e-06 6.920453272694935440e-06 3.399546798914707865e-06 7.845401906559722991e-06 -2.646671835772324226e-06 3.648767242722791507e-06 -3.587838984398753193e-06 -2.905978012912711532e-06 6.565496633956512416e-07 1.846812051053767355e-06
0.000000000000000000e+00 -2.817107169936464706e-01 1.196782579050096773e+00 1.319267789091427501e+00 -9.654474630829064097e-01 -9.900371986570356553e-01 1.022939468047107558e+00 -8.002213429742435769e-02 6.176221656053481057e-01 1.136232987155530311e-01 -7.598838147363581874e-02 2.517076568306624851e-01
0.000000000000000000e+00 -8.362968213317203414e-01 2.578433991825003435e+00 2.591196875226237317e+00 -2.044650006537612086e+00 -1.834276696212626678e+00 1.872659692707216550e+00 -1.864717848590833477e-02 1.116876806199651240e+00 4.713154919933851272e-01 -1.432797607808673213e-01 4.708106092794639430e-01
0.000000000000000000e+00 -1.507156616992955778e+00 4.074085598717440249e+00 3.750766112577196498e+00 -3.169065014641357703e+00 -2.440873028442422488e+00 2.549247107098849607e+00 1.499052218091719180e+00 1.630742250986248199e-01 1.043962667221692842e+00 -1.737071273811310046e-01 6.365294830087691036e-01
0.000000000000000000e+00 -2.178205184232507197e+00 5.597484208195632860e+00 4.734192516207548884e+00 -4.295021711204602077e+00 -2.768497864152941634e+00 3.087812541061424110e+00 1.785576719143068702e+00 4.095316648041543717e-01 1.787257482174070988e+00 -1.372219689174958290e-01 7.301331299386443208e-01
0.000000000000000000e+00 -2.746388579658819218e+00 7.079739964683870568e+00 5.499754661856632865e+00 -5.421258204754924037e+00 -2.856424932957958962e+00 3.536447181852976129e+00 2.001190451819108596e+00 6.426299553000464071e-01 2.651684457905595593e+00 -8.269075961521217544e-03 7.452466383980254072e-01
0.000000000000000000e+00 -3.112276908809505027e+00 8.484783127930485946e+00 6.042964063555386289e+00 -6.572182101125422449e+00 -2.809157096719283597e+00 3.933624784805715091e+00 2.161547614545152207e+00 7.807847397876490625e-01 3.589466505120936901e+00 2.204689451843388492e-01 6.985229785613479292e-01
0.000000000000000000e+00 -3.192275684393983681e+00 9.802180059565676729e+00 6.389061097566228753e+00 -7.761307221127721867e+00 -2.734780827615595822e+00 4.285551970696784174e+00 2.270080139835854993e+00 7.689810712768994083e-01 4.558226290362719979e+00 5.254658418659257091e-01 6.328049693801007791e-01
0.000000000000000000e+00 -2.931852582243513083e+00 1.103076512820473098e+01 6.565917796922148497e+00 -8.967318348181786192e+00 -2.663832031585834148e+00 4.554399218571198560e+00 2.323363169332447242e+00 6.006563073402869657e-01 5.521745839850102477e+00 8.554772295422773398e-01 6.046583913747107797e-01
0.000000000000000000e+00 -2.297706500835044352e+00 1.216827310825030395e+01 6.573911957761148450e+00 -1.014453258426580007e+01 -2.495725204348099080e+00 4.672444892964680463e+00 2.319897874029694496e+00 3.080952031916274203e-01 6.448499398089522217e+00 1.153390175692107666e+00 6.609576345646936968e-01
0.000000000000000000e+00 -1.254836835536054185e+00 1.321186108675422233e+01 6.370359541597084174e+00 -1.126177615485023153e+01 -2.031628176118521090e+00 4.589371309825838630e+00 2.266151463158695645e+00 -7.683495853352431681e-02 7.309322153449161696e+00 1.379523335718989330e+00 8.247388266758740594e-01
0.000000000000000000e+00 2.367428299435042627e-01 1.416378507487893224e+01 5.877782444501949755e+00 -1.234073558126944725e+01 -1.121120530226546341e+00 4.336770512420684121e+00 2.176192498100679273e+00 -5.592402993214773410e-01 8.075946002649512678e+00 1.519189753088170169e+00 1.102866549704082821e+00
0.000000000000000000e+00 2.191612115320785925e+00 1.503336387353808057e+01 5.013534562641031478e+00 -1.346220823779719211e+01 1.607547895697961082e-01 4.038040020643194339e+00 2.065597566386331074e+00 -1.170777793045288284e+00 8.721539227717848064e+00 1.575663066294270998e+00 1.504321737276437254e+00
0.000000000000000000e+00 1.583105785733066284e+01 4.577303072473754675e+00 3.730576436214907421e+00 -1.472690521034830624e+01 1.488146708260571716e+00 3.771253247497015959e+00 1.943824430245584711e+00 -1.901315495049618054e+00 9.223278647007271402e+00 1.559437210256809037e+00 2.048550808645559940e+00
0.000000000000000000e+00 1.655793074576295965e+01 7.337338319744918458e+00 2.063800511110208902e+00 -1.618449441439689096e+01 2.407514936503195369e+00 3.437010547381615488e+00 1.810037762905294612e+00 -2.646296174503679932e+00 9.566280907770160269e+00 1.481195124197224988e+00 2.753012793521961932e+00
0.000000000000000000e+00 1.719839359898089626e+01 1.042382474908740697e+01 1.864350175543860455e-01 -1.776499501374531320e+01 2.391212256983022755e+00 2.938007788666245901e+00 1.655155588994523752e+00 -3.251524404777234700e+00 9.748263854387518634e+00 1.350156258315378777e+00 3.603344861362902218e+00
0.000000000000000000e+00 1.772304816612134815e+01 1.378734388916194753e+01 -1.547015957541024278e+00 -1.924903273495781875e+01 1.006472430091113202e+00 2.383396613818881349e+00 1.468991324562420431e+00 -3.599669202178982896e+00 9.784488544036026525e+00 1.176117679578972508e+00 4.519127713139399205e+00
0.000000000000000000e+00 1.810231240772277417e+01 1.732766938089397613e+01 -2.680822097281057914e+00 -2.029482662814082872e+01 -1.613478365242756452e+00 1.932418761861263601e+00 1.248140043808258604e+00 9.711113016702844547e+00 -3.640119396506824589e+00 9.720768433072013437e-01 5.331338056571103934e+00
0.000000000000000000e+00 1.832432252559911134e+01 2.085264885827689696e+01 -2.937197999945573734e+00 -2.050705750884456435e+01 -4.523657122360829952e+00 1.608430303599709177e+00 9.997622421271037396e-01 9.577532597134322145e+00 -3.369841274545190224e+00 7.545782260200978309e-01 5.786613900374859121e+00
-4.388966863167149235e+00 1.840719981062254362e+01 2.408192974407383247e+01 -2.450334852758158544e+00 -1.949163996491347106e+01 -6.362308182296664505e+00 1.323458894866915481e+00 7.389787604751733019e-01 9.390617883544846833e+00 -2.813966977459581464e+00 5.407098296262857762e-01 5.592952181766751352e+00
6.009536456649113845e+00 1.839812801728006875e+01 2.669502961967922872e+01 -1.622211496602252723e+00 -1.675071466924408625e+01 -6.128413660796711682e+00 9.777920722026717248e-01 4.814934442115715862e-01 8.877350648741629158e+00 -2.019703860647019678e+00 3.429909996321580112e-01 4.520783739992783268e+00
1.081011766851289302e+01 1.835806780266590721e+01 2.839917448340809258e+01 -7.759765526383041179e-01 -3.733763977113599974e+00 5.271860921992745919e-01 -1.100626152497994781e+01 2.358605328304156923e-01 6.666197203515290326e+00 -1.054355780410047183e+00 1.649322767207208607e-01 2.552288081940966347e+00
0.000000000000000000e+00 0.000000000000000000e+00 0.000000000000000000e+00 0.000000000000000000e+00 0.000000000000000000e+00 0.000000000000000000e+00 0.000000000000000000e+00 0.000000000000000000e+00 0.000000000000000000e+00 0.000000000000000000e+00 0.000000000000000000e+00 0.000000000000000000e+00
