 &plot nbnd=   6, nks= 200 /
            0.000000  0.000000  0.000000
   -0.0000   -0.0000   -0.0000  370.9594  370.9594  680.4104
           -0.020408  0.000000  0.000000
   10.1724   10.1724   14.2657  371.0307  371.0307  680.2506
           -0.040816  0.000000  0.000000
   20.3302   20.3302   28.5143  371.2396  371.2396  679.7715
           -0.061224  0.000000  0.000000
   30.4583   30.4583   42.7287  371.5729  371.5729  678.9733
           -0.081633  0.000000  0.000000
   40.5404   40.5404   56.8920  372.0112  372.0112  677.8568
           -0.102041  0.000000  0.000000
   50.5587   50.5587   70.9876  372.5325  372.5325  676.4237
           -0.122449  0.000000  0.000000
   60.4936   60.4936   84.9989  373.1166  373.1166  674.6771
           -0.142857  0.000000  0.000000
   70.3243   70.3243   98.9097  373.7483  373.7483  672.6210
           -0.163265  0.000000  0.000000
   80.0291   80.0291  112.7044  374.4203  374.4203  670.2621
           -0.183673  0.000000  0.000000
   89.5878   89.5878  126.3680  375.1337  375.1337  667.6077
           -0.204082  0.000000  0.000000
   98.9826   98.9826  139.8867  375.8975  375.8975  664.6664
           -0.224490  0.000000  0.000000
  108.1992  108.1992  153.2478  376.7258  376.7258  661.4476
           -0.244898  0.000000  0.000000
  117.2276  117.2276  166.4395  377.6348  377.6348  657.9610
           -0.265306  0.000000  0.000000
  126.0612  126.0612  179.4506  378.6392  378.6392  654.2162
           -0.285714  0.000000  0.000000
  134.6950  134.6950  192.2697  379.7496  379.7496  650.2227
           -0.306122  0.000000  0.000000
  143.1245  143.1245  204.8842  380.9703  380.9703  645.9907
           -0.326531  0.000000  0.000000
  151.3442  151.3442  217.2804  382.2989  382.2989  641.5311
           -0.346939  0.000000  0.000000
  159.3485  159.3485  229.4441  383.7269  383.7269  636.8568
           -0.367347  0.000000  0.000000
  167.1242  167.1242  241.3538  385.2405  385.2405  631.9831
           -0.387755  0.000000  0.000000
  174.6627  174.6627  252.9917  386.8233  386.8233  626.9293
           -0.408163  0.000000  0.000000
  181.9531  181.9531  264.3371  388.4573  388.4573  621.7160
           -0.428571  0.000000  0.000000
  188.9856  188.9856  275.3687  390.1254  390.1254  616.3691
           -0.448980  0.000000  0.000000
  195.7519  195.7519  286.0649  391.8126  391.8126  610.9172
           -0.469388  0.000000  0.000000
  202.2464  202.2464  296.4046  393.5067  393.5067  605.3910
           -0.489796  0.000000  0.000000
  208.4657  208.4657  306.3673  395.1984  395.1984  599.8231
           -0.510204  0.000000  0.000000
  214.4092  214.4092  315.9333  396.8810  396.8810  594.2470
           -0.530612  0.000000  0.000000
  220.0777  220.0777  325.0833  398.5498  398.5498  588.6965
           -0.551020  0.000000  0.000000
  225.4735  225.4735  333.7987  400.2016  400.2016  583.2056
           -0.571429  0.000000  0.000000
  230.5993  230.5993  342.0612  401.8336  401.8336  577.8080
           -0.591837  0.000000  0.000000
  235.4579  235.4579  349.8525  403.4430  403.4430  572.5376
           -0.612245  0.000000  0.000000
  240.0518  240.0518  357.1546  405.0268  405.0268  567.4286
           -0.632653  0.000000  0.000000
  244.3834  244.3834  363.9498  406.5810  406.5810  562.5158
           -0.653061  0.000000  0.000000
  248.4551  248.4551  370.2214  408.1006  408.1006  557.8342
           -0.673469  0.000000  0.000000
  252.2695  252.2695  375.9546  409.5799  409.5799  553.4185
           -0.693878  0.000000  0.000000
  255.8300  255.8300  381.1379  411.0125  411.0125  549.3021
           -0.714286  0.000000  0.000000
  259.1404  259.1404  385.7645  412.3910  412.3910  545.5153
           -0.734694  0.000000  0.000000
  262.2050  262.2050  389.8339  413.7080  413.7081  542.0832
           -0.755102  0.000000  0.000000
  265.0280  265.0280  393.3534  414.9562  414.9562  539.0240
           -0.775510  0.000000  0.000000
  267.6133  267.6133  396.3399  416.1284  416.1284  536.3466
           -0.795918  0.000000  0.000000
  269.9642  269.9642  398.8197  417.2182  417.2182  534.0496
           -0.816327  0.000000  0.000000
  272.0831  272.0831  400.8293  418.2200  418.2200  532.1208
           -0.836735  0.000000  0.000000
  273.9720  273.9720  402.4138  419.1287  419.1287  530.5378
           -0.857143  0.000000  0.000000
  275.6320  275.6320  403.6253  419.9404  419.9404  529.2700
           -0.877551  0.000000  0.000000
  277.0644  277.0644  404.5200  420.6514  420.6514  528.2808
           -0.897959  0.000000  0.000000
  278.2706  278.2706  405.1550  421.2589  421.2589  527.5305
           -0.918367  0.000000  0.000000
  279.2527  279.2527  405.5867  421.7600  421.7600  526.9807
           -0.938776  0.000000  0.000000
  280.0129  280.0129  405.8647  422.1526  422.1526  526.5950
           -0.959184  0.000000  0.000000
  280.5536  280.5536  406.0311  422.4351  422.4351  526.3429
           -0.979592  0.000000  0.000000
  280.8770  280.8771  406.1177  422.6049  422.6049  526.2012
           -1.000000  0.000000  0.000000
  280.9847  280.9847  406.1446  422.6619  422.6619  526.1560
           -1.000000  0.014706  0.014706
  280.9919  281.4331  406.0650  422.5573  422.9075  526.0590
           -1.000000  0.029412  0.029412
  281.0129  282.7709  405.8270  422.2454  423.6411  525.7688
           -1.000000  0.044118  0.044118
  281.0459  284.9755  405.4312  421.7270  424.8458  525.2853
           -1.000000  0.058824  0.058824
  281.0882  288.0103  404.8788  421.0039  426.4954  524.6087
           -1.000000  0.073529  0.073529
  281.1368  291.8266  404.1708  420.0789  428.5551  523.7395
           -1.000000  0.088235  0.088235
  281.1888  296.3660  403.3081  418.9548  430.9836  522.6787
           -1.000000  0.102941  0.102941
  281.2415  301.5608  402.2909  417.6355  433.7344  521.4275
           -1.000000  0.117647  0.117647
  281.2932  307.3384  401.1190  416.1247  436.7583  519.9876
           -1.000000  0.132353  0.132353
  281.3426  313.6218  399.7911  414.4269  440.0061  518.3613
           -1.000000  0.147059  0.147059
  281.3889  320.3312  398.3057  412.5471  443.4298  516.5514
           -1.000000  0.161765  0.161765
  281.4308  327.3851  396.6606  410.4911  446.9855  514.5608
           -1.000000  0.176471  0.176471
  281.4662  334.7004  394.8541  408.2659  450.6351  512.3932
           -1.000000  0.191176  0.191176
  281.4909  342.1932  392.8844  405.8797  454.3480  510.0522
           -1.000000  0.205882  0.205882
  281.4987  349.7773  390.7506  403.3425  458.1029  507.5421
           -1.000000  0.220588  0.220588
  281.4802  357.3644  388.4519  400.6654  461.8894  504.8668
           -1.000000  0.235294  0.235294
  281.4234  364.8621  385.9889  397.8634  465.7091  502.0323
           -1.000000  0.250000  0.250000
  281.3132  372.1739  383.3618  394.9521  469.5768  499.0437
           -0.981132  0.245283  0.245283
  281.2900  368.4717  385.5514  395.8546  467.8792  500.3819
           -0.962264  0.240566  0.240566
  281.1246  363.5405  388.7998  396.6617  465.4617  502.2729
           -0.943396  0.235849  0.235849
  280.8107  358.3094  392.1493  397.3732  462.5509  504.5204
           -0.924528  0.231132  0.231132
  280.3419  353.0073  395.3346  397.9893  459.3102  506.9972
           -0.905660  0.226415  0.226415
  279.7116  347.7053  398.2423  398.5100  455.8495  509.6349
           -0.886792  0.221698  0.221698
  278.9138  342.4288  398.9359  400.8011  452.2427  512.4046
           -0.867925  0.216981  0.216981
  277.9426  337.1854  399.2672  402.9552  448.5418  515.3018
           -0.849057  0.212264  0.212264
  276.7927  331.9740  399.5041  404.6563  444.7848  518.3354
           -0.830189  0.207547  0.207547
  275.4587  326.7884  399.6470  405.8626  441.0021  521.5214
           -0.811321  0.202830  0.202830
  273.9354  321.6190  399.6965  406.5372  437.2190  524.8772
           -0.792453  0.198113  0.198113
  272.2172  316.4530  399.6535  406.6489  433.4594  528.4181
           -0.773585  0.193396  0.193396
  270.2983  311.2755  399.5197  406.1711  429.7467  532.1550
           -0.754717  0.188679  0.188679
  268.1722  306.0695  399.2975  405.0808  426.1062  536.0923
           -0.735849  0.183962  0.183962
  265.8325  300.8168  398.9904  403.3599  422.5646  540.2286
           -0.716981  0.179245  0.179245
  263.2728  295.4987  398.6026  400.9959  419.1479  544.5547
           -0.698113  0.174528  0.174528
  260.4871  290.0972  397.9860  398.1394  415.8768  549.0565
           -0.679245  0.169811  0.169811
  257.4707  284.5957  394.3405  397.6066  412.7616  553.7152
           -0.660377  0.165094  0.165094
  254.2198  278.9800  390.0822  397.0103  409.8022  558.5091
           -0.641509  0.160377  0.160377
  250.7322  273.2387  385.2406  396.3570  406.9922  563.4148
           -0.622642  0.155660  0.155660
  247.0065  267.3632  379.8452  395.6529  404.3244  568.4090
           -0.603774  0.150943  0.150943
  243.0425  261.3472  373.9223  394.9040  401.7941  573.4690
           -0.584906  0.146226  0.146226
  238.8397  255.1865  367.4938  394.1153  399.3989  578.5735
           -0.566038  0.141509  0.141509
  234.3972  248.8769  360.5783  393.2911  397.1373  583.7034
           -0.547170  0.136792  0.136792
  229.7137  242.4169  353.1920  392.4347  395.0083  588.8408
           -0.528302  0.132075  0.132075
  224.7864  235.8025  345.3493  391.5478  393.0090  593.9694
           -0.509434  0.127358  0.127358
  219.6120  229.0304  337.0644  390.6322  391.1355  599.0739
           -0.490566  0.122642  0.122642
  214.1866  222.0973  328.3505  389.3813  389.6880  604.1392
           -0.471698  0.117925  0.117925
  208.5069  215.0007  319.2216  387.7386  388.7151  609.1501
           -0.452830  0.113208  0.113208
  202.5708  207.7391  309.6916  386.1985  387.7143  614.0911
           -0.433962  0.108491  0.108491
  196.3780  200.3134  299.7751  384.7516  386.6878  618.9461
           -0.415094  0.103774  0.103774
  189.9300  192.7257  289.4869  383.3899  385.6389  623.6994
           -0.396226  0.099057  0.099057
  183.2326  184.9835  278.8431  382.1071  384.5744  628.3348
           -0.377358  0.094340  0.094340
  176.2919  177.0935  267.8592  380.8995  383.5035  632.8367
           -0.358491  0.089623  0.089623
  169.0651  169.1165  256.5507  379.7666  382.4379  637.1905
           -0.339623  0.084906  0.084906
  160.9085  161.7157  244.9334  378.7102  381.3909  641.3829
           -0.320755  0.080189  0.080189
  152.6341  154.0990  233.0221  377.7340  380.3760  645.4015
           -0.301887  0.075472  0.075472
  144.2515  146.2755  220.8316  376.8423  379.4062  649.2366
           -0.283019  0.070755  0.070755
  135.7688  138.2520  208.3752  376.0382  378.4916  652.8788
           -0.264151  0.066038  0.066038
  127.1926  130.0366  195.6682  375.3224  377.6385  656.3203
           -0.245283  0.061321  0.061321
  118.5277  121.6336  182.7225  374.6924  376.8489  659.5540
           -0.226415  0.056604  0.056604
  109.7781  113.0488  169.5544  374.1420  376.1203  662.5738
           -0.207547  0.051887  0.051887
  100.9467  104.2880  156.1773  373.6617  375.4465  665.3735
           -0.188679  0.047170  0.047170
   92.0367   95.3590  142.6066  373.2400  374.8190  667.9478
           -0.169811  0.042453  0.042453
   83.0521   86.2723  128.8582  372.8645  374.2292  670.2913
           -0.150943  0.037736  0.037736
   73.9982   77.0409  114.9490  372.5245  373.6706  672.3992
           -0.132075  0.033019  0.033019
   64.8816   67.6807  100.8965  372.2123  373.1404  674.2673
           -0.113208  0.028302  0.028302
   55.7102   58.2087   86.7181  371.9239  372.6414  675.8917
           -0.094340  0.023585  0.023585
   46.4925   48.6431   72.4315  371.6606  372.1815  677.2697
           -0.075472  0.018868  0.018868
   37.2370   39.0015   58.0546  371.4273  371.7734  678.3991
           -0.056604  0.014151  0.014151
   27.9523   29.3009   43.6050  371.2320  371.4326  679.2786
           -0.037736  0.009434  0.009434
   18.6463   19.5573   29.1006  371.0838  371.1749  679.9072
           -0.018868  0.004717  0.004717
    9.3266    9.7856   14.5595  370.9910  371.0141  680.2846
            0.000000  0.000000  0.000000
   -0.0000   -0.0000   -0.0000  370.9594  370.9594  680.4104
           -0.011364  0.011364  0.011364
    8.6317    8.6317   15.2586  370.9454  370.9454  680.3498
           -0.022727  0.022727  0.022727
   17.2527   17.2527   30.5057  370.9043  370.9043  680.1683
           -0.034091  0.034091  0.034091
   25.8526   25.8526   45.7297  370.8389  370.8389  679.8661
           -0.045455  0.045455  0.045455
   34.4215   34.4215   60.9192  370.7529  370.7529  679.4437
           -0.056818  0.056818  0.056818
   42.9502   42.9502   76.0631  370.6505  370.6505  678.9013
           -0.068182  0.068182  0.068182
   51.4304   51.4304   91.1501  370.5350  370.5350  678.2387
           -0.079545  0.079545  0.079545
   59.8539   59.8539  106.1693  370.4083  370.4083  677.4550
           -0.090909  0.090909  0.090909
   68.2133   68.2133  121.1101  370.2697  370.2697  676.5487
           -0.102273  0.102273  0.102273
   76.5009   76.5009  135.9617  370.1161  370.1161  675.5173
           -0.113636  0.113636  0.113636
   84.7092   84.7092  150.7139  369.9420  369.9420  674.3577
           -0.125000  0.125000  0.125000
   92.8300   92.8300  165.3565  369.7397  369.7397  673.0662
           -0.136364  0.136364  0.136364
  100.8553  100.8553  179.8793  369.5001  369.5001  671.6384
           -0.147727  0.147727  0.147727
  108.7767  108.7767  194.2744  369.2153  369.2153  670.0709
           -0.159091  0.159091  0.159091
  116.5849  116.5849  208.5285  368.8769  368.8769  668.3599
           -0.170455  0.170455  0.170455
  124.2717  124.2717  222.6341  368.4791  368.4791  666.5025
           -0.181818  0.181818  0.181818
  131.8290  131.8290  236.5818  368.0183  368.0183  664.4967
           -0.193182  0.193182  0.193182
  139.2492  139.2492  250.3628  367.4937  367.4937  662.3413
           -0.204545  0.204545  0.204545
  146.5267  146.5267  263.9691  366.9071  366.9071  660.0362
           -0.215909  0.215909  0.215909
  153.6545  153.6545  277.3913  366.2619  366.2619  657.5815
           -0.227273  0.227273  0.227273
  160.6291  160.6291  290.6219  365.5627  365.5627  654.9778
           -0.238636  0.238636  0.238636
  167.4474  167.4474  303.6536  364.8144  364.8144  652.2257
           -0.250000  0.250000  0.250000
  174.1066  174.1066  316.4791  364.0209  364.0209  649.3251
           -0.261364  0.261364  0.261364
  180.6042  180.6042  329.0916  363.1854  363.1854  646.2760
           -0.272727  0.272727  0.272727
  186.9370  186.9370  341.4849  362.3079  362.3079  643.0752
           -0.284091  0.284091  0.284091
  193.1011  193.1011  353.6528  361.3882  361.3882  639.7207
           -0.295455  0.295455  0.295455
  199.0910  199.0910  360.4244  360.4244  365.5898  636.2084
           -0.306818  0.306818  0.306818
  204.8996  204.8996  359.4144  359.4144  377.2906  632.5338
           -0.318182  0.318182  0.318182
  210.5178  210.5178  358.3560  358.3560  388.7503  628.6917
           -0.329545  0.329545  0.329545
  215.9351  215.9351  357.2488  357.2488  399.9644  624.6766
           -0.340909  0.340909  0.340909
  221.1387  221.1387  356.0945  356.0945  410.9286  620.4832
           -0.352273  0.352273  0.352273
  226.1147  226.1147  354.8978  354.8978  421.6388  616.1070
           -0.363636  0.363636  0.363636
  230.8475  230.8475  353.6666  353.6666  432.0910  611.5439
           -0.375000  0.375000  0.375000
  235.3203  235.3203  352.4129  352.4129  442.2812  606.7914
           -0.386364  0.386364  0.386364
  239.5146  239.5146  351.1520  351.1520  452.2048  601.8481
           -0.397727  0.397727  0.397727
  243.4111  243.4111  349.9028  349.9028  461.8568  596.7142
           -0.409091  0.409091  0.409091
  246.9889  246.9889  348.6867  348.6867  471.2302  591.3930
           -0.420455  0.420455  0.420455
  250.2260  250.2260  347.5277  347.5277  480.3158  585.8905
           -0.431818  0.431818  0.431818
  253.0994  253.0994  346.4510  346.4510  489.0987  580.2186
           -0.443182  0.443182  0.443182
  255.5853  255.5853  345.4822  345.4822  497.5538  574.4003
           -0.454545  0.454545  0.454545
  257.6602  257.6602  344.6469  344.6469  505.6335  568.4809
           -0.465909  0.465909  0.465909
  259.3018  259.3018  343.9685  343.9685  513.2374  562.5592
           -0.477273  0.477273  0.477273
  260.4904  260.4904  343.4677  343.4677  520.1208  556.8791
           -0.488636  0.488636  0.488636
  261.2103  261.2103  343.1603  343.1603  525.6026  552.1195
           -0.500000  0.500000  0.500000
  261.4515  261.4515  343.0567  343.0567  527.9441  550.0187
           -0.513889  0.500000  0.486111
  261.5011  261.6782  343.1528  343.4194  527.7087  549.9347
           -0.527778  0.500000  0.472222
  261.6497  262.3550  343.4414  344.5000  527.0042  549.6830
           -0.541667  0.500000  0.458333
  261.8973  263.4725  343.9223  346.2763  525.8359  549.2642
           -0.555556  0.500000  0.444444
  262.2432  265.0151  344.5955  348.7123  524.2124  548.6793
           -0.569444  0.500000  0.430556
  262.6872  266.9619  345.4609  351.7605  522.1457  547.9297
           -0.583333  0.500000  0.416667
  263.2292  269.2877  346.5177  355.3633  519.6508  547.0168
           -0.597222  0.500000  0.402778
  263.8696  271.9631  347.7647  359.4562  516.7465  545.9431
           -0.611111  0.500000  0.388889
  264.6096  274.9562  349.2001  363.9694  513.4539  544.7102
           -0.625000  0.500000  0.375000
  265.4511  278.2330  350.8210  368.8302  509.7971  543.3206
           -0.638889  0.500000  0.361111
  266.3974  281.7583  352.6235  373.9649  505.8032  541.7764
           -0.652778  0.500000  0.347222
  267.4527  285.4967  354.6029  379.3001  501.5023  540.0801
           -0.666667  0.500000  0.333333
  268.6225  289.4120  356.7532  384.7619  496.9280  538.2342
           -0.680556  0.500000  0.319444
  269.9131  293.4695  359.0674  390.2783  492.1178  536.2417
           -0.694444  0.500000  0.305556
  271.3314  297.6350  361.5376  395.7763  487.1152  534.1055
           -0.708333  0.500000  0.291667
  272.8845  301.8755  364.1549  401.1794  481.9720  531.8292
           -0.722222  0.500000  0.277778
  274.5799  306.1593  366.9100  406.4020  476.7546  529.4168
           -0.736111  0.500000  0.263889
  276.4235  310.4554  369.7921  411.3382  471.5539  526.8732
           -0.750000  0.500000  0.250000
  278.4215  314.7345  372.7906  415.8410  466.5064  524.2040
           -0.763889  0.500000  0.236111
  280.5785  318.9685  375.8940  419.6828  461.8334  521.4159
           -0.777778  0.500000  0.222222
  282.8980  323.1297  379.0902  422.4957  457.8990  518.5171
           -0.791667  0.500000  0.208333
  285.3821  327.1926  382.3666  423.7553  455.2288  515.5174
           -0.805556  0.500000  0.194444
  288.0314  331.1316  385.7095  423.0118  454.2748  512.4280
           -0.819444  0.500000  0.180556
  290.8452  334.9221  389.1043  420.3390  454.9685  509.2624
           -0.833333  0.500000  0.166667
  293.8211  338.5406  392.5348  416.2894  456.7656  506.0367
           -0.847222  0.500000  0.152778
  296.9551  341.9638  395.9824  411.4246  459.1140  502.7699
           -0.861111  0.500000  0.138889
  300.2412  345.1700  399.4255  406.1176  461.6547  499.4847
           -0.875000  0.500000  0.125000
  303.6707  348.1383  400.5909  402.8382  464.1819  496.2087
           -0.888889  0.500000  0.111111
  307.2305  350.8493  394.9831  406.1883  466.5785  492.9759
           -0.902778  0.500000  0.097222
  310.9015  353.2851  389.3923  409.4358  468.7753  489.8283
           -0.916667  0.500000  0.083333
  314.6535  355.4294  383.9004  412.5293  470.7296  486.8185
           -0.930556  0.500000  0.069444
  318.4381  357.2681  378.5935  415.4043  472.4138  484.0131
           -0.944444  0.500000  0.055556
  322.1735  358.7890  373.5800  417.9792  473.8099  481.4942
           -0.958333  0.500000  0.041667
  325.7171  359.9822  369.0229  420.1564  474.9058  479.3602
           -0.972222  0.500000  0.027778
  328.8153  360.8400  365.1906  421.8266  475.6935  477.7208
           -0.986111  0.500000  0.013889
  331.0469  361.3566  362.5140  422.8829  476.1676  476.6822
           -1.000000  0.500000  0.000000
  331.8829  361.5292  361.5292  423.2452  476.3260  476.3260
