2.064960210404729233e-07 1.620816714923221307e-07 2.204353542973726497e-08 1.537854451496463248e+01 1.537854451496669661e+01 1.537854451496669661e+01
8.170983433418712583e-01 9.473395607670672680e-01 1.343868051271755570e+00 1.532476283162308128e+01 1.533225875030017704e+01 1.537109767864647125e+01
1.633960151835594177e+00 1.854383183799361623e+00 2.707840284588828972e+00 1.515905646392760708e+01 1.518439673121965861e+01 1.533239816708931080e+01
2.411569190866500012e+00 2.633732820196307944e+00 4.070063435532881080e+00 1.488992498053199931e+01 1.492751648907719009e+01 1.523422944975640547e+01
3.084122562672798828e+00 3.175055081141966440e+00 5.380584539693330726e+00 1.457049652683299712e+01 1.459001479865967532e+01 1.506929124811290244e+01
3.434698641176558542e+00 3.597756459237928972e+00 6.605710709201723319e+00 1.424404057015937575e+01 1.428423566553970581e+01 1.485254774398630495e+01
3.515515569487653647e+00 3.932787489858109442e+00 7.747573837173828970e+00 1.397501635005924037e+01 1.408577472862389790e+01 1.459406378227747858e+01
3.616811993214508636e+00 4.100375263545140037e+00 8.821311863895562766e+00 1.383606371124392886e+01 1.397026869209307165e+01 1.428229215193410795e+01
3.849482130832299731e+00 4.131921381723299369e+00 9.824487395228397091e+00 1.382248537887634932e+01 1.389677271748277221e+01 1.390378954380559051e+01
4.076344170202040651e+00 4.150906630280511322e+00 1.073742664465967600e+01 1.342802221086750336e+01 1.386070355154313916e+01 1.388281480835514792e+01
3.998870089159609620e+00 4.392525445976962928e+00 1.154607903980127404e+01 1.287979930654005223e+01 1.383306648009081918e+01 1.395195491843884206e+01
3.963676043595909526e+00 4.483090472155121020e+00 1.224700346186969568e+01 1.226352669700353104e+01 1.382309604187239138e+01 1.398089255325774793e+01
3.963676043595909526e+00 4.483090472155121020e+00 1.224700346186969568e+01 1.226352669700353104e+01 1.382309604187239138e+01 1.398089255325774793e+01
4.413765779363570729e+00 4.436208210383681738e+00 1.201108034453548079e+01 1.207439956204999909e+01 1.382916285435134540e+01 1.404055896802455727e+01
4.253745826746221148e+00 5.436578381529233894e+00 1.148013424736615207e+01 1.157061497703471353e+01 1.384053594190184455e+01 1.416431452079016573e+01
4.106488166687210395e+00 6.259100286656200218e+00 1.085396876765430818e+01 1.111388041691715678e+01 1.385352685529578132e+01 1.428988874595334124e+01
4.168905766498512300e+00 6.180289834719017605e+00 1.086866529806521342e+01 1.111562370192685911e+01 1.383482888082276574e+01 1.431168964719081593e+01
4.153494832097869960e+00 6.367160747930283193e+00 1.022229877461161784e+01 1.119699769821135327e+01 1.384765995121228066e+01 1.442396695050951472e+01
4.134116639142496830e+00 6.266811313578585896e+00 9.536146333675860731e+00 1.157428143292550260e+01 1.391063270339435221e+01 1.452141954051241690e+01
4.072918814213651650e+00 5.985505233379673662e+00 8.833137369297034525e+00 1.209817867274166403e+01 1.403503631601829760e+01 1.460628527623917705e+01
3.927073534430388424e+00 5.564607782831656024e+00 8.125935171176303484e+00 1.269215996167862137e+01 1.421437111742818615e+01 1.466886914905102657e+01
3.668552253490951376e+00 5.019712080215861683e+00 7.396266181313058574e+00 1.333031673591495014e+01 1.442706108897450079e+01 1.470791944111462968e+01
3.291460210674431952e+00 4.370684757773623197e+00 6.583846000686223832e+00 1.397206175453791843e+01 1.464854449012947768e+01 1.475132263729114968e+01
2.804696902789053592e+00 3.633348972779191666e+00 5.610734030648865556e+00 1.454438487991270712e+01 1.483992487976037999e+01 1.486398704812615357e+01
2.219078784440059682e+00 2.813832768371345328e+00 4.430964922264376327e+00 1.497090080104151966e+01 1.499765706500068418e+01 1.505881519350234221e+01
1.543328981350441387e+00 1.920742391794582948e+00 3.060082886655184353e+00 1.517509174505811131e+01 1.522364262857851180e+01 1.523426885105560658e+01
7.932151572547482266e-01 9.739628753292043362e-01 1.559703684741569951e+00 1.532244225539191262e+01 1.533750295064818125e+01 1.534946340162287726e+01
2.064960210404729233e-07 1.620816714923221307e-07 2.204353542973726497e-08 1.537854451496463248e+01 1.537854451496669661e+01 1.537854451496669661e+01
2.064960210404729233e-07 1.620816714923221307e-07 2.204353542973726497e-08 1.537854451496463248e+01 1.537854451496669661e+01 1.537854451496669661e+01
8.759315427465670378e-01 9.137347816794377797e-01 1.622596904357087144e+00 1.532868830502921931e+01 1.533112664324550423e+01 1.534304683634283073e+01
1.645374027773982561e+00 1.689945545740484167e+00 3.217260521331714251e+00 1.519929288988375760e+01 1.520488004878548693e+01 1.522563197482916486e+01
2.226235277779684996e+00 2.244403128332896014e+00 4.752468675697343770e+00 1.500540164312691793e+01 1.503930026580971457e+01 1.504177042216553062e+01
2.584414467973810137e+00 2.591448522947510824e+00 6.197060039063179815e+00 1.468105080005442531e+01 1.489112068096846109e+01 1.489236398785913806e+01
2.792288626500185611e+00 2.794387326066781529e+00 7.529480964922082187e+00 1.427115511190427277e+01 1.478445616889890779e+01 1.478478803588168944e+01
2.934727889729420447e+00 2.959345201419102178e+00 8.740136910257975345e+00 1.380374663347057229e+01 1.471992274228088604e+01 1.472482417377340447e+01
3.093002250432583811e+00 3.101967568569910405e+00 9.817845197812749447e+00 1.329467713691681041e+01 1.469279023273237250e+01 1.469467961733435502e+01
3.200394589265761702e+00 3.243342486537043712e+00 1.071386034792575437e+01 1.276686450806132100e+01 1.467943697530342284e+01 1.468886424733393703e+01
3.234913764188166230e+00 3.306909117512230267e+00 1.116597843864555095e+01 1.244361672713934119e+01 1.467434048033735294e+01 1.469038691902704485e+01
3.234913764188166230e+00 3.306909117512230267e+00 1.116597843864555095e+01 1.244361672713934119e+01 1.467434048033735294e+01 1.469038691902704485e+01
3.410373720545064824e+00 3.620607377149401618e+00 1.097292100665451997e+01 1.239694307442919019e+01 1.461333289525718726e+01 1.467290619762713710e+01
3.756632865761939222e+00 4.432705516808241875e+00 1.050426494272888966e+01 1.224198979291380773e+01 1.444858689003825880e+01 1.462020112224453783e+01
4.225839410819277830e+00 5.265137240553962705e+00 1.002537405444058471e+01 1.198166015072773938e+01 1.424029605680545707e+01 1.451845955487088169e+01
4.731209616558722963e+00 5.840922157163382700e+00 9.801516202815252043e+00 1.164915552106186070e+01 1.405969631300185441e+01 1.437319533356807355e+01
5.221907705078762341e+00 6.105426877739844826e+00 9.880861341665770681e+00 1.127757150693828336e+01 1.396468380685252697e+01 1.421885360777744189e+01
5.661152778487071657e+00 6.127583238742866811e+00 1.013140660750698530e+01 1.088883190143991087e+01 1.396044964925038201e+01 1.409674810881709561e+01
5.932770442859490956e+00 6.008018978936637389e+00 1.046291574897482946e+01 1.051202797738691075e+01 1.400637937303859992e+01 1.402186562595025521e+01
5.932770442859490956e+00 6.008018978936637389e+00 1.046291574897482946e+01 1.051202797738691075e+01 1.400637937303859992e+01 1.402186562595025521e+01
5.759819870396986730e+00 5.780013761837720310e+00 1.066394446520719086e+01 1.070382834519106119e+01 1.401314201090665890e+01 1.401487087905204021e+01
5.268154215291014353e+00 5.325231760744247644e+00 1.115221257690522094e+01 1.115858389469788925e+01 1.399410086475407589e+01 1.401234488284090851e+01
4.661694952096659073e+00 4.881653023006329306e+00 1.167729514670262780e+01 1.169258642463273112e+01 1.393921361048166752e+01 1.400677478393390096e+01
4.160733643629754397e+00 4.584840109226769655e+00 1.208692589693978370e+01 1.210645696905394608e+01 1.386340503547860870e+01 1.399150956659037881e+01
3.963676043595909526e+00 4.483090472155121020e+00 1.224700346186969568e+01 1.226352669700353104e+01 1.382309604187239138e+01 1.398089255325774793e+01
