0.000000000000000000e+00 0.000000000000000000e+00 0.000000000000000000e+00 0.000000000000000000e+00 0.000000000000000000e+00 0.000000000000000000e+00
-2.044278565363670335e-05 1.498311196528089122e-06 7.426026650928092765e-06 -9.262216664242303370e-08 3.369736861132979718e-07 1.013331544935412839e-07
-1.004385459564039696e-05 -3.882506760913490784e-07 5.771211206945792014e-06 4.749415002326538430e-08 -1.077401404598068613e-08 6.178655652920559202e-08
-8.440714048051417926e-07 -2.479974090941528583e-06 3.935026320494752147e-06 4.386583264352854680e-07 -6.939118915810050730e-07 -2.377467805243238638e-07
3.203481139629284274e-06 -3.465056042903278127e-06 2.200149380844781420e-06 7.550699711775138577e-07 -8.949794304793074977e-07 -5.746956037622922928e-07
-2.150796945104137246e-06 2.558532579543644658e-06 7.161727769002148090e-07 -4.504564311490413189e-07 5.171673029813394161e-07 -5.062759835611599011e-07
1.210420917664632502e-06 2.699081393200551961e-07 -1.640670200443233042e-07 2.249602474904768237e-08 -3.020958394749210295e-07 -7.177682756171615664e-09
4.052783564686784970e-06 -8.829056549760170272e-07 -1.838116460383294235e-07 -1.467639915253614093e-07 -1.049239377193929312e-06 5.091857802202733666e-07
3.988109042834274475e-06 -2.331013705583301410e-07 4.070967676381632095e-07 -2.789707953483209106e-06 2.556300995571367660e-06 -1.104170301503624509e-06
9.948645868765222558e-07 1.939768719824393633e-06 9.931970934286685676e-07 -6.393647098194066083e-07 -5.809084722899776476e-07 -4.418690786759219846e-07
1.182605278830925342e-06 3.477801015676875731e-07 1.165577650331965061e-06 -7.565442237682408734e-07 -1.104334642334135566e-07 -6.051337087323569917e-07
6.400500649131199607e-22 2.223114376359668200e-23 3.464387428032204301e-20 -3.443880616250182603e-20 -7.210004913298355148e-24 -3.203929472383625411e-22
6.400500649131199607e-22 2.223114376359668200e-23 3.464387428032204301e-20 -3.443880616250182603e-20 -7.210004913298355148e-24 -3.203929472383625411e-22
4.209670690845733532e+00 -2.778510477988440286e+01 1.430319078165631552e+01 1.180841367808006659e+01 -3.443234800298529685e-01 -3.454367753343687397e+00
5.540623997947722756e+00 -3.301276319968954454e+01 1.745108396589636612e+01 2.027111505265240154e+01 -3.558858693700728271e-01 -4.204151196560382608e+00
3.614779751221124826e+00 -1.771913832958274426e+01 2.568383982423394585e+01 3.790411852106282176e+00 -6.150329024947099876e-01 -3.922542106359123704e+00
-1.297263573719390495e+00 1.423941792094229974e+01 -2.425165140927483520e+01 -4.361239656265683884e+00 -9.719769262624040895e-02 4.929343442342650761e+00
-5.934436026633572725e-01 1.012043685681648597e+00 -2.653152802293903534e+01 1.016346623084928957e+01 1.348417964716457362e+00 4.046719031596967220e+00
-9.354649277353207504e-01 -7.568696211864549994e+00 -2.776046163150495616e+01 1.874581200896397704e+01 3.527272784137511774e+00 3.495235779647177576e+00
-3.247953869756006640e+00 -1.352400047048802456e+01 -2.815052749152774680e+01 2.248745536318747185e+01 5.930785521694326157e+00 2.842516843828190254e+00
-7.358685050297801844e+00 -1.897834084793620590e+01 -2.837571555173755655e+01 2.464165319366749429e+01 7.797438838062975996e+00 1.850829411384225409e+00
-1.227153598698642689e+01 -2.367691902586215491e+01 -2.991516084668560538e+01 2.567566037582608374e+01 8.658109631651029758e+00 1.314790922951221575e+00
-1.710993876650594459e+01 -2.736492872055513814e+01 -3.435182448538961353e+01 2.437288360977346358e+01 8.648155893638541869e+00 2.346358344904619919e+00
-2.181041533764782159e+01 -3.073887954322873384e+01 -4.183002401524593239e+01 2.002716206396505072e+01 5.192547049337899345e+00 7.869314258732226008e+00
-2.675324724388957520e+01 -3.443896363718655351e+01 -5.056008322856434489e+01 1.239183019025842114e+01 8.536333821679798817e+00 7.227417583811937440e+00
-3.168376123487179541e+01 -3.817376409240948476e+01 -5.809241700819818988e+01 7.096442727689254326e+00 6.640130771995591097e+00 6.643400940674157873e+00
-3.544417699729932281e+01 -4.103068798895866109e+01 -6.284277698998322137e+01 4.442950740734491255e+00 3.485863889905759017e+00 2.670031710468502961e+00
0.000000000000000000e+00 0.000000000000000000e+00 0.000000000000000000e+00 0.000000000000000000e+00 0.000000000000000000e+00 0.000000000000000000e+00
0.000000000000000000e+00 0.000000000000000000e+00 0.000000000000000000e+00 0.000000000000000000e+00 0.000000000000000000e+00 0.000000000000000000e+00
-2.354480633725390959e+01 -3.413154980784992176e+01 -5.595651402322007328e+01 3.526785881768384368e+00 2.633807891844052840e+00 2.848426488293580139e+00
-1.933915183044145536e+01 -2.669947823924493235e+01 -5.383423288415839636e+01 5.728360894296730343e+00 4.276423675210748065e+00 6.173291962721650705e+00
-1.371911071358662326e+01 -1.706635719062454370e+01 -5.066645892581079380e+01 9.447662271617675245e+00 6.393789859337353221e+00 4.440436299351677718e+00
-8.804281085869090973e+00 -8.615892060735580671e+00 -4.694032377639175735e+01 1.284704795021427870e+01 3.425058707267873537e+00 5.087658007789294778e+00
-5.779009022769129089e+00 -4.443976315462554005e+00 -4.312234095547393764e+01 1.531987910931454877e+01 3.272473425668793734e+00 2.069506906645059097e+00
-5.278752954299749334e+00 -3.426613655357566124e+00 -3.928629277014842813e+01 1.718182761802990299e+01 1.524452631268880420e+00 1.069535199247685142e+00
-5.119940539074992358e+00 -3.181600101381191870e+00 -3.472191482319399114e+01 1.873832464435016121e+01 3.013537445195835218e-01 5.518039699809402787e-01
-2.025636020097283385e+00 -3.349571330170722838e+00 -2.660098709973089726e+01 1.804177339305532612e+01 2.659772911531450568e-01 -1.501581495640288977e-01
-7.691794863821749275e-16 -1.286921254292697043e-15 -1.407239877615603925e-14 1.098920330206364649e-14 9.562455232817832455e-17 -9.466613199833920303e-17
-7.691794863821749275e-16 -1.286921254292697043e-15 -1.407239877615603925e-14 1.098920330206364649e-14 9.562455232817832455e-17 -9.466613199833920303e-17
3.325537155244500109e+00 -3.035978958093625391e+00 -3.935437566288014999e+00 3.218752005086674473e+00 -6.655701758557073244e-01 8.626458746337590799e-01
2.312522977043489636e+00 -1.099330189113036704e+00 -3.803753731059537291e+00 3.068400866728599574e+00 -6.528185448211116793e-01 5.478937980309959155e-01
1.418037601662885505e+00 6.421776790173511218e-01 -1.357156367317411405e+00 1.069327577764567438e+00 -4.341064695486244185e-01 -1.651736903781077792e-01
-3.692489849998688012e-01 2.467988932346984576e+00 3.285766295858730812e-01 -4.804652461251399109e-01 1.074724623290757158e-01 -8.211745253897188013e-01
-1.755733158806723759e+00 2.729179052620815948e+00 5.011334646975588170e-01 -6.853709299879757744e-01 5.720322551469892991e-01 -8.935380558477720170e-01
-1.175737022520038089e+00 8.042088576248784815e-01 2.347786908552718099e-01 -2.602703885664317540e-01 5.661311162368288796e-01 -4.057583049208853265e-01
1.562309791091853084e+00 -1.826842643591761961e+00 -7.899206024828815398e-01 5.718450927601217426e-01 7.630051854143172774e-01 -4.797107067320406371e-01
1.562309791091853084e+00 -1.826842643591761961e+00 -7.899206024828815398e-01 5.718450927601217426e-01 7.630051854143172774e-01 -4.797107067320406371e-01
-1.949567384072456022e+01 -2.085505230384690023e+01 2.084477352642295500e+01 1.914216700611546074e+01 -1.864782985068883792e-01 -2.350925400046951219e-01
-3.164515116680976448e+01 -2.598573540767906920e+01 2.965701627215308633e+01 2.804196495708842463e+01 -1.977326193160673373e+00 -1.159744387966533535e-01
-3.185676539095980431e+01 -2.072870587442037049e+01 2.643743323970414494e+01 2.712311805389737529e+01 -3.838788498364772650e+00 -5.710647276880980172e-01
-2.036836181598131645e+01 -1.093652110867337690e+01 1.651692568942408812e+01 1.637552805379215570e+01 -3.805326959156894340e+00 -9.351374317268691394e-01
6.400500649131199607e-22 2.223114376359668200e-23 3.464387428032204301e-20 -3.443880616250182603e-20 -7.210004913298355148e-24 -3.203929472383625411e-22
