0.000000000000000000e+00 0.000000000000000000e+00 0.000000000000000000e+00 0.000000000000000000e+00 0.000000000000000000e+00 0.000000000000000000e+00
-2.044278615187660754e-05 1.498317575799958274e-06 7.426021847650673640e-06 -9.262213417339785189e-08 3.369736611833773638e-07 1.013331041711170450e-07
-1.004385503581602152e-05 -3.882513395895513814e-07 5.771211343927044601e-06 4.749410586013277371e-08 -1.077405307108567813e-08 6.178656833024414751e-08
-8.440716786618954333e-07 -2.479974084071499305e-06 3.935026115997738308e-06 4.386582911952930079e-07 -6.939119418836539381e-07 -2.377467769611987207e-07
3.203480981226630284e-06 -3.465056008710821742e-06 2.200149249695635701e-06 7.550698830088387855e-07 -8.949794723344054062e-07 -5.746955605367955550e-07
-2.150797021489418505e-06 2.558532512906798674e-06 7.161727769002148090e-07 -4.504564419463629975e-07 5.171672814474622025e-07 -5.062759835611599011e-07
1.210421027839334928e-06 2.699081910786361717e-07 -1.640670422307928434e-07 2.249603769631138213e-08 -3.020957954792288265e-07 -7.177707552311277530e-09
4.052783712266409408e-06 -8.829055369356641613e-07 -1.838116480894780976e-07 -1.467639516396259558e-07 -1.049239444542580704e-06 5.091858894878998568e-07
3.988109235547653095e-06 -2.331011932074729938e-07 4.070967971054669977e-07 -2.789707905867836852e-06 2.556301507589209725e-06 -1.104170786910545872e-06
9.948647419549175173e-07 1.939768894184588037e-06 9.931970993265786728e-07 -6.393647967310538701e-07 -5.809083482765679251e-07 -4.418690297197696850e-07
1.182605374698720364e-06 3.477801757138258535e-07 1.165577646022449043e-06 -7.565442423821290202e-07 -1.104334125669246103e-07 -6.051336810118366816e-07
6.400501085618518254e-22 2.223117602591270895e-23 3.464387589515061930e-20 -3.443880784542669904e-20 -7.209962769544154002e-24 -3.203929345403697562e-22
6.400501085618518254e-22 2.223117602591270895e-23 3.464387589515061930e-20 -3.443880784542669904e-20 -7.209962769544154002e-24 -3.203929345403697562e-22
4.209670690845720209e+00 -2.778510477988441352e+01 1.430319078165629598e+01 1.180841367808006837e+01 -3.443234800298346499e-01 -3.454367753343678515e+00
5.540623997947728085e+00 -3.301276319968955164e+01 1.745108396589634125e+01 2.027111505265241576e+01 -3.558858693700701625e-01 -4.204151196560391490e+00
3.614779751221133708e+00 -1.771913832958276558e+01 2.568383982423393164e+01 3.790411852106298607e+00 -6.150329024946994405e-01 -3.922542106359123704e+00
-3.545560314351911657e+00 3.355964532254610777e+00 5.303025397469823154e+00 -5.747963110088127436e+00 1.064495102950091310e+00 -1.008367825315707345e+00
-1.330006223936028409e+00 2.613051041865572355e+00 -6.846717738400996955e-01 1.396281865265107947e-01 3.867088639041955656e-01 -7.649110665641652984e-01
7.136783936160394637e-01 1.829351013954703120e+00 -1.981857335186408386e+00 1.105556591050590898e+00 -2.232311493683176717e-01 -3.585105695417049598e-01
1.884840354700170861e+00 7.938637421177208164e-01 -6.549077471280849716e-01 1.063383222129758027e-01 -5.422778044987002222e-01 -2.185350807753869140e-02
2.245706396329420151e+00 2.154127734168502228e-01 1.389453645325251507e+00 -1.038418738943329256e+00 -6.061972162190215618e-01 3.327706742299434139e-02
2.171296497232871214e+00 5.359009426269462084e-01 2.739503980133075167e+00 -1.542887921350770686e+00 -5.497948434030737186e-01 -1.644403393106932398e-01
1.778498826061088778e+00 8.458465759417731489e-01 3.215224006019955283e+00 -1.404038838546874057e+00 -4.101025695053237552e-01 -3.453658769009411711e-01
7.803342863897277937e-01 -9.654631197574327361e-02 3.215052515480528506e+00 -9.704146100938879638e-01 -2.315629685731477871e-01 -1.564962767578247649e-01
-1.082339162209010386e+00 -2.558026551096248991e+00 2.944933816679397243e+00 -6.266091864210296958e-01 2.351003098811514647e-01 1.597540364705340998e-01
-3.424080074299741039e+00 -5.804702578948665703e+00 2.486851725722060369e+00 3.662792678657756373e-01 3.133760626960949147e-01 -9.880347885306009492e-02
-5.323263584088341993e+00 -8.608222889732116911e+00 2.031922317998940741e+00 3.578143804406228035e-01 2.689087533637229965e-01 -1.104877900661214996e-02
0.000000000000000000e+00 0.000000000000000000e+00 0.000000000000000000e+00 0.000000000000000000e+00 0.000000000000000000e+00 0.000000000000000000e+00
0.000000000000000000e+00 0.000000000000000000e+00 0.000000000000000000e+00 0.000000000000000000e+00 0.000000000000000000e+00 0.000000000000000000e+00
-2.354480633725398775e+01 -3.413154980784834436e+01 -5.595651402322128121e+01 3.526785881766826947e+00 2.633807891845854954e+00 2.848426488293304804e+00
-1.933915183044145536e+01 -2.669947823924535868e+01 -5.383423288415844610e+01 5.728360894298091921e+00 4.276423675209833242e+00 6.173291962721143555e+00
-1.371911071358191059e+01 -1.706635719063005396e+01 -5.066645892581063748e+01 9.447662271617430108e+00 6.393789859336168391e+00 4.440436299353030414e+00
-8.804281085867341261e+00 -8.615892060737587954e+00 -4.694032377639183551e+01 1.284704795021432844e+01 3.425058707257351287e+00 5.087658007799661597e+00
-5.779009022772735982e+00 -4.443976315459267745e+00 -4.312234095547400159e+01 1.531987910931453811e+01 3.272473425656758028e+00 2.069506906657003320e+00
-5.278752954300037992e+00 -3.426613655357493293e+00 -3.928629277014849208e+01 1.718182761802985681e+01 1.524452631268490954e+00 1.069535199248025092e+00
-5.119940539074121943e+00 -3.181600101382212387e+00 -3.472191482319403377e+01 1.873832464435015766e+01 3.013537445176682761e-01 5.518039699827900213e-01
-2.025636020097087098e+00 -3.349571330171014605e+00 -2.660098709973092923e+01 1.804177339305533323e+01 2.659772911530900452e-01 -1.501581495640101904e-01
-7.691794863820400323e-16 -1.286921254292872565e-15 -1.407239877615604556e-14 1.098920330206364649e-14 9.562455232817315998e-17 -9.466613199834219824e-17
-7.691794863820400323e-16 -1.286921254292872565e-15 -1.407239877615604556e-14 1.098920330206364649e-14 9.562455232817315998e-17 -9.466613199834219824e-17
8.184968147566713981e+00 2.755652757040753187e+01 -1.669813220022819777e+01 -1.040579145953460571e+00 -4.337950852296287962e+00 -1.877800424813198088e+00
1.563725721900598309e+01 3.533019216869555379e+01 -2.249784935780213857e+01 -5.778723308379243306e+00 -7.384972198225927542e+00 -3.375721210733724664e+00
1.937551973627677881e+01 2.831829558056578833e+01 -1.528709140416452605e+01 -1.096366443518257938e+01 -7.980998687514929912e+00 -4.863530959284260824e+00
2.037678668551577132e+01 1.489888218624601990e+01 -1.380896766444642099e+00 -1.415332893063253827e+01 -5.922749071627570139e+00 -5.620674357193471415e+00
1.926963521763317999e+01 3.836940060584671297e+00 8.105172758177172199e+00 -1.534688885321603102e+01 -2.208242487377284125e+00 -4.977755089706978886e+00
1.486221861233510744e+01 -3.293594457216598048e+00 1.220551880952163160e+01 -1.555608200798926966e+01 9.784412582852203277e-01 -3.487109495903527812e+00
-1.496288725696516053e+01 1.389611968238793160e+01 1.980111346852657661e+01 -1.973651135435641280e+01 3.507218499547311907e+00 -3.105637435269807511e+00
-1.496288725696516053e+01 1.389611968238793160e+01 1.980111346852657661e+01 -1.973651135435641280e+01 3.507218499547311907e+00 -3.105637435269807511e+00
-2.477843664645151733e+01 2.452506483166916240e+01 7.637318918819156366e+00 -7.855828065747756384e+00 5.466514788108909784e+00 -5.208427450535300984e+00
-2.986054757665559833e+01 2.960319703160963556e+01 -2.920359647880719708e-02 -2.569998718167746943e-01 6.559158016935829671e+00 -6.346546258982449729e+00
-2.745559810635399600e+01 2.662843363280478570e+01 2.103892281989031776e+00 -2.678619463154836566e+00 6.212844925109374472e+00 -5.843679634095058084e+00
-1.692990075093294422e+01 1.583408600327114080e+01 1.416214538815637081e+00 -2.061364947981142226e+00 4.003746204705668887e+00 -3.560970613326355672e+00
6.400501085618518254e-22 2.223117602591270895e-23 3.464387589515061930e-20 -3.443880784542669904e-20 -7.209962769544154002e-24 -3.203929345403697562e-22
