0.000000000000000000e+00 0.000000000000000000e+00 0.000000000000000000e+00 0.000000000000000000e+00 0.000000000000000000e+00 0.000000000000000000e+00
4.868568388322483997e+01 5.566287426090270429e+01 8.038763622663984165e+01 6.459075179268151778e+00 5.611250463948450395e+00 1.073112585726433865e+00
4.794209207841439735e+01 5.119010970920253101e+01 8.139737713209235892e+01 1.318207090817687899e+01 1.206746305975895517e+01 3.843563662698317618e+00
4.372998407301970047e+01 4.019496631006889231e+01 7.986801639731092450e+01 1.824788240249115390e+01 1.817480359544356361e+01 7.890305134267784126e+00
3.560390293609446388e+01 2.357468803388848499e+01 7.544786035675241465e+01 1.879670476818570179e+01 2.116743492989556330e+01 1.151977951890703089e+01
8.326674677670903080e+00 2.522061057488422975e+01 7.013012599158541605e+01 1.903300381791014928e+01 1.462933593693375478e+01 1.410677073404539783e+01
3.476055947809986169e+00 1.470007681269713196e+01 6.569482663757140983e+01 1.236950470769640376e+01 9.035490315599544076e+00 1.672901165254320688e+01
9.760018080320127964e+00 5.519302701204335193e+00 6.182366935901936245e+01 4.196251355058876698e+00 5.062790189273334462e+00 2.053163777932788747e+01
1.710339640649953452e+01 1.289778275323239631e+00 5.711639598834570819e+01 2.036649961951797927e+00 2.535818046206583176e+01 3.093898740368494771e+00
4.650231879089812281e+00 1.732139625971677788e+01 5.117443374439168480e+01 3.026896079430126463e+01 2.093374112936127407e+00 4.454414111430187617e+00
3.876874658045732946e+00 1.046460892553102973e+01 4.493929460677279053e+01 3.480591166403758052e+01 1.156532846646241008e+00 3.259097639637078103e+00
1.927007732917728023e-15 4.737877008108766853e-15 1.362868821866231658e-12 1.358592642265532384e-12 5.206052508835364020e-16 1.550830120081786906e-15
1.927007732917728023e-15 4.737877008108766853e-15 1.362868821866231658e-12 1.358592642265532384e-12 5.206052508835364020e-16 1.550830120081786906e-15
5.953373384118572531e+00 3.929407201167012431e+01 2.022776638865205712e+01 1.669961877368026393e+01 4.869469353017428226e-01 4.885213726203102347e+00
7.835625601908279947e+00 4.668709744841260800e+01 2.467955962268935721e+01 2.866768583189204378e+01 5.032986231212227546e-01 5.945567640443222501e+00
5.112070549175096623e+00 2.505864573926163530e+01 3.632243461324993916e+01 5.360451848228840355e+00 8.697878720170744149e-01 5.547312245793086127e+00
3.791911223923596808e+00 2.069492354240697196e+01 3.504694741039596551e+01 8.239649423926330485e+00 1.118430108708213799e+00 6.939913270344060692e+00
1.511285082750861486e+00 2.897930551859771775e+00 3.753476448324141757e+01 1.429922756496323899e+01 1.987616036830220034e+00 5.843084151900654888e+00
2.036725876125851986e+00 1.153538941216164204e+01 3.914300563132959354e+01 2.640225983788694109e+01 5.226861753177073133e+00 5.169975532143029184e+00
5.816150973302441685e+00 1.984624286129468018e+01 3.950578456548593209e+01 3.163339762868188743e+01 8.673002787912194478e+00 4.242043986986130832e+00
1.141383958904246221e+01 2.720391604329080693e+01 3.988276383950771020e+01 3.473358245065617211e+01 1.123562745122841733e+01 2.738373726131597685e+00
1.797245309653514767e+01 3.362781491625199237e+01 4.253512254047117835e+01 3.642108313000194642e+01 1.237473983049578585e+01 1.919280470823232720e+00
2.436499661725527233e+01 3.891734937922802118e+01 4.943026153559787161e+01 3.479516510777830973e+01 1.228456809435956210e+01 3.422844127249265789e+00
3.012757068379333347e+01 4.362779163033288654e+01 6.021557834579865442e+01 2.861198884880020898e+01 7.187555999740570911e+00 1.129011953677238722e+01
3.550586017631848534e+01 4.815377137480778202e+01 7.190114529775551944e+01 1.795206073935919022e+01 1.128671416169652986e+01 1.025244355794423257e+01
4.055133461970294917e+01 5.211797405086464607e+01 8.111752443080909813e+01 9.897333887289217813e+00 8.167376188827319083e+00 9.920400414046198989e+00
4.438543529217081129e+01 5.486023536907635645e+01 8.634680990396819311e+01 6.094444726311427196e+00 4.530629301191054559e+00 3.557630548495705813e+00
0.000000000000000000e+00 0.000000000000000000e+00 0.000000000000000000e+00 0.000000000000000000e+00 0.000000000000000000e+00 0.000000000000000000e+00
0.000000000000000000e+00 0.000000000000000000e+00 0.000000000000000000e+00 0.000000000000000000e+00 0.000000000000000000e+00 0.000000000000000000e+00
4.793469711966991298e+01 5.079640750928754045e+01 9.098826233054495560e+01 5.486616078112816375e+00 5.236608316240050520e+00 4.266994039886893297e+00
3.909099210851785955e+01 3.960641532443775503e+01 8.841796354256453583e+01 8.842901046168700319e+00 8.752801832125394199e+00 9.490435117939563625e+00
2.672024299990248153e+01 2.556265587839719799e+01 8.404464481519680419e+01 1.534502622955981721e+01 9.495652102938159089e+00 9.478052074681309946e+00
1.450479405159048873e+01 1.503428745276927714e+01 7.818378860555486654e+01 2.096878069294513125e+01 7.643635208974416173e+00 7.583191992420785787e+00
8.821792094224656822e+00 1.047488308332070872e+01 7.155562379188820898e+01 2.495342594451000195e+01 4.967465185311665365e+00 4.761679032844370774e+00
8.284656549701214345e+00 9.577778796100883341e+00 6.459073258749073432e+01 2.766589505752232014e+01 2.487994368500469289e+00 2.450766250393275225e+00
9.338848901481467735e+00 7.337347440628118278e+00 5.647481374757067130e+01 2.983520698436725027e+01 7.488295791080626929e-01 1.224940105122875433e+00
3.862756444850288240e+00 6.836256867893087730e+00 4.285642177162067412e+01 2.860269622981408233e+01 5.842583473173520447e-01 2.645803983687038397e-01
1.372381922615978603e-15 2.722845684804792471e-15 2.256354587804876472e-14 1.742986930461023831e-14 2.109181396724038631e-16 1.371004931863063836e-16
1.372381922615978603e-15 2.722845684804792471e-15 2.256354587804876472e-14 1.742986930461023831e-14 2.109181396724038631e-16 1.371004931863063836e-16
1.427956786461333039e+01 3.548764914179370322e+01 2.036174976382558199e+01 7.184474121993701168e+00 6.524339568974954595e+00 2.144083359117652243e+00
2.277245007722325454e+01 4.742907583826475104e+01 2.856456579899134951e+01 1.214078516645866657e+01 1.059699878967366260e+01 4.151887876994628357e+00
2.673180707905581954e+01 3.915312369933619863e+01 2.058727683927524055e+01 1.623179619255865092e+01 1.105007598490365872e+01 6.790171780116700972e+00
2.698599125771221807e+01 2.217416240757846424e+01 3.219840873198727138e+00 1.908829450839157715e+01 7.734461640872222432e+00 8.465571981214562669e+00
2.539684060325740234e+01 7.751803126621991780e+00 1.013780427246345361e+01 2.053206232144416887e+01 2.577751090108026943e+00 7.756592111293411307e+00
2.118761548269968742e+01 4.471364907912489528e+00 1.611149947530828896e+01 2.091037004792971743e+01 1.641743069815208012e+00 5.283126386463025348e+00
1.504422836000600761e+01 1.401568750620942971e+01 1.981686325212456268e+01 1.974479392782951237e+01 3.589255983701364450e+00 3.142468176688920423e+00
1.504422836000600761e+01 1.401568750620942971e+01 1.981686325212456268e+01 1.974479392782951237e+01 3.589255983701364450e+00 3.142468176688920423e+00
3.152859370708247866e+01 3.219335353134179911e+01 2.219984737866849400e+01 2.069146182098268838e+01 5.469694514728746348e+00 5.213730431264412601e+00
4.350940006421549100e+01 3.939045213208662943e+01 2.965703065146611550e+01 2.804314261336402581e+01 6.850720601899692674e+00 6.347605807535595446e+00
4.205547964953306206e+01 3.374541042815924641e+01 2.652101504577498758e+01 2.725506439570432704e+01 7.303132149881650825e+00 5.871516549337870039e+00
2.648568863562297437e+01 1.924385027793152858e+01 1.657752990813314753e+01 1.650476126741514449e+01 5.523630774932490439e+00 3.681710706341719153e+00
1.927007732917728023e-15 4.737877008108766853e-15 1.362868821866231658e-12 1.358592642265532384e-12 5.206052508835364020e-16 1.550830120081786906e-15
