0.000000000000000000e+00 0.000000000000000000e+00 0.000000000000000000e+00 0.000000000000000000e+00 0.000000000000000000e+00 0.000000000000000000e+00
4.868568388321625662e+01 5.566287426090266166e+01 8.038763622663914532e+01 -6.459075179268150890e+00 -5.611250463948429967e+00 -1.073112585726424317e+00
4.794209207841229414e+01 5.119010970920253101e+01 8.139737713209194681e+01 -1.318207090817687899e+01 -1.206746305975895517e+01 -3.843563662698316730e+00
4.372998407301968626e+01 4.019496631006873599e+01 7.986801639731072555e+01 -1.824788240249114679e+01 -1.817480359544353874e+01 -7.890305134267777021e+00
3.560390293609417967e+01 2.357468803388797340e+01 7.544786035675235780e+01 -1.879670476818566982e+01 -2.116743492989552422e+01 -1.151977951890700069e+01
8.326674677670347080e+00 2.522061057488397040e+01 7.013012599158540183e+01 -1.903300381791013862e+01 -1.462933593693373702e+01 -1.410677073404538007e+01
3.476055947809564728e+00 1.470007681269712663e+01 6.569482663757140983e+01 -1.236950470769640376e+01 -9.035490315599535194e+00 -1.672901165254320688e+01
9.760018080318443978e+00 5.519302701204193973e+00 6.182366935901936245e+01 -4.196251355058871368e+00 -5.062790189273116859e+00 -2.053163777932787326e+01
1.710339640649860371e+01 -1.289778275323197443e+00 5.711639598834570819e+01 2.036649961947976539e+00 -2.535818046206557597e+01 -3.093898740368100864e+00
-4.650231879089599119e+00 1.732139625971656116e+01 5.117443374439166348e+01 -3.026896079430125042e+01 -2.093374112935966203e+00 4.454414111430144096e+00
-3.876874658045372346e+00 1.046460892553101729e+01 4.493929460677276211e+01 -3.480591166403755921e+01 -1.156532846646230572e+00 3.259097639636965749e+00
-1.927007732917515425e-15 4.737877008108766853e-15 1.362868821866230850e-12 -1.358592642265531577e-12 -5.206052508835363034e-16 1.550830120081720641e-15
-1.927007732917515425e-15 4.737877008108766853e-15 1.362868821866230850e-12 -1.358592642265531577e-12 -5.206052508835363034e-16 1.550830120081720641e-15
5.877512892056852449e-07 2.579261661024160099e-06 3.108009634846874787e-05 -3.028996421318913080e-05 -1.875888386571353547e-07 -1.354258342201222178e-06
3.466999142647578784e-06 4.723433788512483435e-06 1.868748503141821641e-05 -1.793769831125884535e-05 -1.065546384021052919e-06 -2.306073697065825915e-06
8.172658357777556066e-06 6.150231026315575358e-06 -2.615218852922232274e-06 2.076377126897003622e-06 -2.422554580917023586e-06 -2.322342509533348825e-06
3.531288825787541330e-01 -1.463749772867844534e+01 2.473911575509254845e+01 3.978986224516380066e+00 3.290724728816986633e-01 -4.779870684045665286e+00
4.035972449046708044e-01 -7.387376491552557489e-01 2.654181211112965144e+01 -1.005745331077992155e+01 -1.408134495306653466e+00 -4.144949763959891342e+00
1.662474304746813125e+00 8.510788530474775015e+00 2.752460538069545848e+01 -1.855940735303431666e+01 -3.850791911679962265e+00 -3.792551122814123321e+00
4.441371932351269258e+00 1.450325988675237632e+01 2.770967181195184637e+01 -2.224803112601600219e+01 -6.304973849076753289e+00 -3.148739049883765517e+00
8.431031447954737246e+00 1.948920788762385214e+01 2.799148150727852880e+01 -2.445674476013024545e+01 -8.066709163253189985e+00 -2.017923137958107738e+00
1.295005584344550975e+01 2.387354711106328509e+01 3.011336777898916495e+01 -2.578517514949039224e+01 -8.824344117776570684e+00 -1.388496211523786883e+00
1.725514408780689379e+01 2.765872922593884198e+01 3.539724911054114642e+01 -2.479303802203032348e+01 -8.715034640594781834e+00 -2.468032991638013929e+00
2.076938555922502161e+01 3.095958923784781192e+01 4.319523589153862275e+01 -2.041119744238595501e+01 -4.964352423167047945e+00 -8.094207877691562913e+00
2.331862797648143726e+01 3.355890316112382266e+01 5.103704579876244907e+01 -1.297406606476683422e+01 -7.380084640231460824e+00 -7.269904581620695971e+00
2.507639705172051947e+01 3.500503366879706135e+01 5.656093549812263177e+01 -6.889380101797368816e+00 -4.745154642785606391e+00 -7.366804340351673197e+00
2.618090998941631398e+01 3.538398743194260732e+01 5.918131675176610429e+01 -4.156250005307898121e+00 -2.881500110745512711e+00 -2.351072884698592436e+00
0.000000000000000000e+00 0.000000000000000000e+00 0.000000000000000000e+00 0.000000000000000000e+00 0.000000000000000000e+00 0.000000000000000000e+00
0.000000000000000000e+00 0.000000000000000000e+00 0.000000000000000000e+00 0.000000000000000000e+00 0.000000000000000000e+00 0.000000000000000000e+00
3.448216027218862934e+01 1.582244074971466929e+01 4.490658034932388176e+01 -2.286158060357036614e+00 -3.680785056944365863e+00 -1.407185566301347279e+00
2.793027169553621292e+01 1.195591311259862266e+01 4.496094990725466545e+01 -3.545230858731181822e+00 -6.327396068894335812e+00 -3.721463611782244385e+00
1.837235391643304183e+01 8.421892901313970725e+00 4.392405038189053101e+01 -7.546733411800587099e+00 -2.899363952545225498e+00 -7.099191649276602512e+00
7.440317170732792640e+00 8.806963563451839505e+00 4.130274577135405423e+01 -1.046883382610581847e+01 -5.912960756802170259e+00 -2.395051729162477994e+00
3.321163227423333364e+00 8.380055168343659489e+00 3.743173409402697871e+01 -1.238047149829604088e+01 -1.804867231667008021e+00 -3.756044400493299129e+00
3.592362543152836984e+00 8.261385136941280294e+00 3.294141977731224813e+01 -1.322767359524906539e+01 -1.241855195957245694e+00 -1.928326769301929255e+00
5.898009541988168181e+00 5.795818238546468493e+00 2.789591098789421864e+01 -1.370729567952465189e+01 -6.157252470675242950e-01 -9.441943754137421818e-01
2.591232289935062827e+00 4.929011236750239888e+00 2.052919525229719255e+01 -1.292683477430969674e+01 -4.470682023938887251e-01 -1.578222019867961678e-01
8.367544305117508619e-16 2.025229861956180592e-15 1.063244035772104908e-14 -7.891461559661877217e-15 -1.618590486409073703e-16 -2.954982465047652200e-17
8.367544305117508619e-16 2.025229861956180592e-15 1.063244035772104908e-14 -7.891461559661877217e-15 -1.618590486409073703e-16 -2.954982465047652200e-17
1.121842936656038070e+01 2.215386787083541620e+01 -1.096747763299302925e+01 -6.338256777723228375e+00 -4.827650106973951694e+00 -5.716652083116171568e-01
1.639246493566225737e+01 3.162413997771666274e+01 -1.718466325279604945e+01 -1.022692219117542756e+01 -7.571815959683173780e+00 -2.354249697168202093e+00
1.836213261092725091e+01 2.703014684858004202e+01 -1.372220575025486156e+01 -1.192165291899182655e+01 -7.630163222050073024e+00 -4.735527115705663981e+00
1.768880843136088643e+01 1.623655809301465780e+01 -2.890075564346693771e+00 -1.279903982991216260e+01 -4.973066456272177582e+00 -6.276910158538497875e+00
1.644986541834557059e+01 6.157915587609393171e+00 6.068782025863272089e+00 -1.362236588801770232e+01 -1.200518595677033007e+00 -5.881178894628799725e+00
1.505480488800074390e+01 -2.915233747818698706e+00 1.051430477490514903e+01 -1.397083202343025121e+01 1.190574890798533625e+00 -3.948018740698811868e+00
-4.143869211181903348e-06 4.530471402149981046e-06 -4.139238038072181339e-05 4.122714096234709769e-05 -1.189844298702014917e-07 -9.013515028775934760e-08
-4.143869211181903348e-06 4.530471402149981046e-06 -4.139238038072181339e-05 4.122714096234709769e-05 -1.189844298702014917e-07 -9.013515028775934760e-08
-1.254688337180165487e-05 1.386760371113718421e-05 -2.362418593927464094e-05 2.405705605761635345e-05 5.129719464897876602e-06 -6.089690850010658173e-06
9.407522048062127398e-07 7.422369987496037472e-07 2.126040446123084486e-04 -2.116230656832204760e-04 -1.832676875318644017e-07 -1.137262388685631071e-06
2.420701259696254285e-06 -4.523153520445092955e-07 1.421145537087870070e-04 -1.412232693354685054e-04 4.899340469294010843e-08 -1.285646439217341058e-06
1.521223924356690768e-06 -4.742499943757086036e-08 7.168585602994788375e-05 -7.118975458629308022e-05 3.117318448998607031e-08 -7.969166749166532027e-07
-1.927007732917515425e-15 4.737877008108766853e-15 1.362868821866230850e-12 -1.358592642265531577e-12 -5.206052508835363034e-16 1.550830120081720641e-15
